query	target	qheader	theader	fident	alnlen	mismatch	qstart	qend	tstart	tend	evalue	bits
LOKIASV2_3341_ESMFold_chemotaxis_response_regulator_protein-glutamate_methylesterase	6ymz-assembly3.cif.gz_C	LOKIASV2_3341_ESMFold_chemotaxis_response_regulator_protein-glutamate_methylesterase	6ymz-assembly3.cif.gz_C Structure of the CheB methylsterase from P. atrosepticum SCRI1043	0.368	352	211	2	353	4	338	5.266E-40	1390
LOKIASV2_3341_ESMFold_chemotaxis_response_regulator_protein-glutamate_methylesterase	6ymz-assembly1.cif.gz_A	LOKIASV2_3341_ESMFold_chemotaxis_response_regulator_protein-glutamate_methylesterase	6ymz-assembly1.cif.gz_A Structure of the CheB methylsterase from P. atrosepticum SCRI1043	0.367	352	212	2	353	4	339	1.918E-39	1375
LOKIASV2_3341_ESMFold_chemotaxis_response_regulator_protein-glutamate_methylesterase	6ymz-assembly4.cif.gz_D	LOKIASV2_3341_ESMFold_chemotaxis_response_regulator_protein-glutamate_methylesterase	6ymz-assembly4.cif.gz_D Structure of the CheB methylsterase from P. atrosepticum SCRI1043	0.377	346	203	2	347	5	331	6.212E-39	1366
LOKIASV2_3341_ESMFold_chemotaxis_response_regulator_protein-glutamate_methylesterase	6ymz-assembly5.cif.gz_E	LOKIASV2_3341_ESMFold_chemotaxis_response_regulator_protein-glutamate_methylesterase	6ymz-assembly5.cif.gz_E Structure of the CheB methylsterase from P. atrosepticum SCRI1043	0.372	350	203	2	351	4	328	1.173E-37	1338
LOKIASV2_3341_ESMFold_chemotaxis_response_regulator_protein-glutamate_methylesterase	1a2o-assembly2.cif.gz_B	LOKIASV2_3341_ESMFold_chemotaxis_response_regulator_protein-glutamate_methylesterase	1a2o-assembly2.cif.gz_B STRUCTURAL BASIS FOR METHYLESTERASE CHEB REGULATION BY A PHOSPHORYLATION-ACTIVATED DOMAIN	0.375	350	212	1	350	3	342	5.094E-37	1295
LOKIASV2_3341_ESMFold_chemotaxis_response_regulator_protein-glutamate_methylesterase	3sft-assembly1.cif.gz_A	LOKIASV2_3341_ESMFold_chemotaxis_response_regulator_protein-glutamate_methylesterase	3sft-assembly1.cif.gz_A Crystal structure of Thermotoga maritima CheB methylesterase catalytic domain	0.434	189	105	159	347	1	187	4.962E-24	878
LOKIASV2_3341_ESMFold_chemotaxis_response_regulator_protein-glutamate_methylesterase	1chd-assembly1.cif.gz_A	LOKIASV2_3341_ESMFold_chemotaxis_response_regulator_protein-glutamate_methylesterase	1chd-assembly1.cif.gz_A CHEB METHYLESTERASE DOMAIN	0.396	191	114	161	351	5	193	1.686E-22	804
LOKIASV2_3341_ESMFold_chemotaxis_response_regulator_protein-glutamate_methylesterase	7esg-assembly1.cif.gz_A	LOKIASV2_3341_ESMFold_chemotaxis_response_regulator_protein-glutamate_methylesterase	7esg-assembly1.cif.gz_A Crystal structure of Haloarcula marismortui CheB with Glutathione S-transferase expression tag	0.344	351	227	2	348	233	583	7.405E-23	684
LOKIASV2_3341_ESMFold_chemotaxis_response_regulator_protein-glutamate_methylesterase	3t8y-assembly1.cif.gz_A	LOKIASV2_3341_ESMFold_chemotaxis_response_regulator_protein-glutamate_methylesterase	3t8y-assembly1.cif.gz_A Crystal structure of the response regulator domain of Thermotoga maritima CheB	0.462	132	70	1	132	2	133	2.912E-13	487
LOKIASV2_3341_ESMFold_chemotaxis_response_regulator_protein-glutamate_methylesterase	1qmp-assembly2.cif.gz_B	LOKIASV2_3341_ESMFold_chemotaxis_response_regulator_protein-glutamate_methylesterase	1qmp-assembly2.cif.gz_B Phosphorylated aspartate in the crystal structure of the sporulation response regulator, Spo0A	0.283	134	85	1	134	1	120	1.284E-08	312
LOKIASV2_3341_ESMFold_chemotaxis_response_regulator_protein-glutamate_methylesterase	6ifh-assembly1.cif.gz_A	LOKIASV2_3341_ESMFold_chemotaxis_response_regulator_protein-glutamate_methylesterase	6ifh-assembly1.cif.gz_A Unphosphorylated Spo0F from Paenisporosarcina sp. TG-14	0.289	126	83	1	126	1	118	2.450E-08	300
LOKIASV2_3341_ESMFold_chemotaxis_response_regulator_protein-glutamate_methylesterase	4qyw-assembly1.cif.gz_A	LOKIASV2_3341_ESMFold_chemotaxis_response_regulator_protein-glutamate_methylesterase	4qyw-assembly1.cif.gz_A Structure of phosphono-CheY from T.maritima	0.358	117	74	1	117	1	116	2.922E-08	299
LOKIASV2_3341_ESMFold_chemotaxis_response_regulator_protein-glutamate_methylesterase	7ve6-assembly1.cif.gz_B	LOKIASV2_3341_ESMFold_chemotaxis_response_regulator_protein-glutamate_methylesterase	7ve6-assembly1.cif.gz_B N-terminal domain of VraR	0.272	130	87	1	130	1	120	2.598E-08	297
LOKIASV2_3341_ESMFold_chemotaxis_response_regulator_protein-glutamate_methylesterase	8fk2-assembly1.cif.gz_B	LOKIASV2_3341_ESMFold_chemotaxis_response_regulator_protein-glutamate_methylesterase	8fk2-assembly1.cif.gz_B The N-terminal VicR from Streptococcus mutans	0.320	130	79	1	130	1	117	5.578E-08	293
LOKIASV2_3341_ESMFold_chemotaxis_response_regulator_protein-glutamate_methylesterase	2zwm-assembly1.cif.gz_B	LOKIASV2_3341_ESMFold_chemotaxis_response_regulator_protein-glutamate_methylesterase	2zwm-assembly1.cif.gz_B Crystal structure of YycF receiver domain from Bacillus subtilis	0.291	133	84	1	133	1	120	1.197E-07	290
LOKIASV2_3341_ESMFold_chemotaxis_response_regulator_protein-glutamate_methylesterase	1qmp-assembly3.cif.gz_C	LOKIASV2_3341_ESMFold_chemotaxis_response_regulator_protein-glutamate_methylesterase	1qmp-assembly3.cif.gz_C Phosphorylated aspartate in the crystal structure of the sporulation response regulator, Spo0A	0.279	134	89	1	134	1	124	8.925E-08	289
LOKIASV2_3341_ESMFold_chemotaxis_response_regulator_protein-glutamate_methylesterase	7ssi-assembly1.cif.gz_C	LOKIASV2_3341_ESMFold_chemotaxis_response_regulator_protein-glutamate_methylesterase	7ssi-assembly1.cif.gz_C CRYSTAL STRUCTURE OF THE DESK:DESR-Q10A COMPLEX IN THE PHOSPHOTRANSFER STATE	0.246	142	97	1	142	2	131	2.310E-08	288
LOKIASV2_3341_ESMFold_chemotaxis_response_regulator_protein-glutamate_methylesterase	7od9-assembly1.cif.gz_B	LOKIASV2_3341_ESMFold_chemotaxis_response_regulator_protein-glutamate_methylesterase	7od9-assembly1.cif.gz_B Crystal structure of activated CheY fused to the C-terminal domain of CheF	0.239	136	95	1	136	4	129	5.259E-08	287
LOKIASV2_3341_ESMFold_chemotaxis_response_regulator_protein-glutamate_methylesterase	5iul-assembly1.cif.gz_C	LOKIASV2_3341_ESMFold_chemotaxis_response_regulator_protein-glutamate_methylesterase	5iul-assembly1.cif.gz_C Crystal structure of the DesK-DesR complex in the phosphotransfer state with high Mg2+ (150 mM) and BeF3	0.248	141	96	1	141	2	130	4.959E-08	286
LOKIASV2_3341_ESMFold_chemotaxis_response_regulator_protein-glutamate_methylesterase	3eul-assembly2.cif.gz_B	LOKIASV2_3341_ESMFold_chemotaxis_response_regulator_protein-glutamate_methylesterase	3eul-assembly2.cif.gz_B Structure of the signal receiver domain of the putative response regulator NarL from Mycobacterium tuberculosis	0.242	131	91	2	132	4	124	1.129E-07	285
LOKIASV2_3341_ESMFold_chemotaxis_response_regulator_protein-glutamate_methylesterase	4le2-assembly4.cif.gz_D-2	LOKIASV2_3341_ESMFold_chemotaxis_response_regulator_protein-glutamate_methylesterase	4le2-assembly4.cif.gz_D-2 Crystal structure of the unphosphorylated receiver domain of DesR in the active state	0.248	133	87	1	133	2	118	7.935E-08	282
LOKIASV2_3341_ESMFold_chemotaxis_response_regulator_protein-glutamate_methylesterase	6ekh-assembly1.cif.gz_Y	LOKIASV2_3341_ESMFold_chemotaxis_response_regulator_protein-glutamate_methylesterase	6ekh-assembly1.cif.gz_Y Crystal structure of activated CheY from Methanoccocus maripaludis	0.267	126	84	1	126	2	117	1.703E-07	281
LOKIASV2_3341_ESMFold_chemotaxis_response_regulator_protein-glutamate_methylesterase	5wq0-assembly5.cif.gz_E	LOKIASV2_3341_ESMFold_chemotaxis_response_regulator_protein-glutamate_methylesterase	5wq0-assembly5.cif.gz_E Receiver domain of Spo0A from Paenisporosarcina sp. TG-14	0.259	128	88	2	129	3	122	7.055E-08	279
LOKIASV2_3341_ESMFold_chemotaxis_response_regulator_protein-glutamate_methylesterase	1u0s-assembly1.cif.gz_Y	LOKIASV2_3341_ESMFold_chemotaxis_response_regulator_protein-glutamate_methylesterase	1u0s-assembly1.cif.gz_Y Chemotaxis kinase CheA P2 domain in complex with response regulator CheY from the thermophile thermotoga maritima	0.366	117	74	1	117	1	117	8.415E-08	275
LOKIASV2_3341_ESMFold_chemotaxis_response_regulator_protein-glutamate_methylesterase	6c40-assembly1.cif.gz_D-2	LOKIASV2_3341_ESMFold_chemotaxis_response_regulator_protein-glutamate_methylesterase	6c40-assembly1.cif.gz_D-2 CheY41PyTyrD54K from Thermotoga maritima	0.358	117	74	1	117	1	116	1.916E-07	273
LOKIASV2_3341_ESMFold_chemotaxis_response_regulator_protein-glutamate_methylesterase	1nxp-assembly1.cif.gz_A	LOKIASV2_3341_ESMFold_chemotaxis_response_regulator_protein-glutamate_methylesterase	1nxp-assembly1.cif.gz_A MicArec pH4.5	0.320	128	78	3	130	2	116	2.423E-07	272
LOKIASV2_3341_ESMFold_chemotaxis_response_regulator_protein-glutamate_methylesterase	3nhz-assembly2.cif.gz_B	LOKIASV2_3341_ESMFold_chemotaxis_response_regulator_protein-glutamate_methylesterase	3nhz-assembly2.cif.gz_B Structure of N-terminal Domain of MtrA	0.232	128	88	1	128	1	115	2.725E-07	270
LOKIASV2_3341_ESMFold_chemotaxis_response_regulator_protein-glutamate_methylesterase	6rh1-assembly1.cif.gz_C	LOKIASV2_3341_ESMFold_chemotaxis_response_regulator_protein-glutamate_methylesterase	6rh1-assembly1.cif.gz_C Revisiting pH-gated conformational switch. Complex HK853-RR468 D53A pH 7	0.310	129	81	1	129	1	119	1.703E-07	266
LOKIASV2_3341_ESMFold_chemotaxis_response_regulator_protein-glutamate_methylesterase	4gvp-assembly1.cif.gz_A	LOKIASV2_3341_ESMFold_chemotaxis_response_regulator_protein-glutamate_methylesterase	4gvp-assembly1.cif.gz_A Crystal Structure of the Response Regulator Protein VraR from Staphylococcus aureus	0.278	138	93	1	130	1	138	1.937E-08	263
LOKIASV2_3341_ESMFold_chemotaxis_response_regulator_protein-glutamate_methylesterase	2a9r-assembly1.cif.gz_A-2	LOKIASV2_3341_ESMFold_chemotaxis_response_regulator_protein-glutamate_methylesterase	2a9r-assembly1.cif.gz_A-2 RR02-Rec Phosphate in the active site	0.312	128	78	3	130	2	115	8.827E-07	259
LOKIASV2_3341_ESMFold_chemotaxis_response_regulator_protein-glutamate_methylesterase	1ys6-assembly1.cif.gz_B	LOKIASV2_3341_ESMFold_chemotaxis_response_regulator_protein-glutamate_methylesterase	1ys6-assembly1.cif.gz_B Crystal structure of the response regulatory protein PrrA from Mycobacterium Tuberculosis	0.270	131	86	1	131	1	119	1.806E-07	256
LOKIASV2_3341_ESMFold_chemotaxis_response_regulator_protein-glutamate_methylesterase	4uhj-assembly2.cif.gz_C	LOKIASV2_3341_ESMFold_chemotaxis_response_regulator_protein-glutamate_methylesterase	4uhj-assembly2.cif.gz_C Crystal structure of the receiver domain of CpxR from E. coli (orthorhombic form)	0.265	128	79	3	130	2	110	2.423E-07	254
LOKIASV2_3341_ESMFold_chemotaxis_response_regulator_protein-glutamate_methylesterase	1qmp-assembly4.cif.gz_D	LOKIASV2_3341_ESMFold_chemotaxis_response_regulator_protein-glutamate_methylesterase	1qmp-assembly4.cif.gz_D Phosphorylated aspartate in the crystal structure of the sporulation response regulator, Spo0A	0.303	122	81	1	122	1	117	3.065E-07	253
LOKIASV2_3341_ESMFold_chemotaxis_response_regulator_protein-glutamate_methylesterase	3rvj-assembly1.cif.gz_A	LOKIASV2_3341_ESMFold_chemotaxis_response_regulator_protein-glutamate_methylesterase	3rvj-assembly1.cif.gz_A Structure of the CheY-BeF3 Complex with substitutions at 59 and 89: N59D and E89Q	0.320	125	83	2	126	7	129	7.482E-08	253
LOKIASV2_3341_ESMFold_chemotaxis_response_regulator_protein-glutamate_methylesterase	1mvo-assembly1.cif.gz_A-2	LOKIASV2_3341_ESMFold_chemotaxis_response_regulator_protein-glutamate_methylesterase	1mvo-assembly1.cif.gz_A-2 Crystal structure of the PhoP receiver domain from Bacillus subtilis	0.269	129	85	2	130	3	119	9.361E-07	251
LOKIASV2_3341_ESMFold_chemotaxis_response_regulator_protein-glutamate_methylesterase	5wq0-assembly4.cif.gz_D	LOKIASV2_3341_ESMFold_chemotaxis_response_regulator_protein-glutamate_methylesterase	5wq0-assembly4.cif.gz_D Receiver domain of Spo0A from Paenisporosarcina sp. TG-14	0.277	123	85	2	124	8	126	2.155E-07	251
LOKIASV2_3341_ESMFold_chemotaxis_response_regulator_protein-glutamate_methylesterase	6rfv-assembly1.cif.gz_C	LOKIASV2_3341_ESMFold_chemotaxis_response_regulator_protein-glutamate_methylesterase	6rfv-assembly1.cif.gz_C Revisiting pH-gated conformational switch. Complex HK853-RR468 pH 7	0.310	129	81	1	129	1	118	5.202E-07	250
LOKIASV2_3341_ESMFold_chemotaxis_response_regulator_protein-glutamate_methylesterase	7cci-assembly1.cif.gz_A	LOKIASV2_3341_ESMFold_chemotaxis_response_regulator_protein-glutamate_methylesterase	7cci-assembly1.cif.gz_A Acinetobacter baumannii response regulator AdeR with disordered N terminus	0.294	129	81	2	130	15	130	4.905E-07	250
LOKIASV2_3341_ESMFold_chemotaxis_response_regulator_protein-glutamate_methylesterase	6ww6-assembly1.cif.gz_A	LOKIASV2_3341_ESMFold_chemotaxis_response_regulator_protein-glutamate_methylesterase	6ww6-assembly1.cif.gz_A Crystal structure of EutV bound to RNA	0.322	125	83	2	126	4	127	2.423E-07	249
LOKIASV2_3341_ESMFold_chemotaxis_response_regulator_protein-glutamate_methylesterase	1ys7-assembly1.cif.gz_B	LOKIASV2_3341_ESMFold_chemotaxis_response_regulator_protein-glutamate_methylesterase	1ys7-assembly1.cif.gz_B Crystal structure of the response regulator protein prrA complexed with Mg2+	0.283	132	85	1	132	1	120	5.516E-07	249
LOKIASV2_3341_ESMFold_chemotaxis_response_regulator_protein-glutamate_methylesterase	6swf-assembly1.cif.gz_A	LOKIASV2_3341_ESMFold_chemotaxis_response_regulator_protein-glutamate_methylesterase	6swf-assembly1.cif.gz_A Selenomethionine derivative of the REC domain of AraT, a response regulator from Geobacillus stearothermophilus	0.255	126	92	2	125	3	128	1.197E-07	248
LOKIASV2_3341_ESMFold_chemotaxis_response_regulator_protein-glutamate_methylesterase	3t6k-assembly2.cif.gz_B	LOKIASV2_3341_ESMFold_chemotaxis_response_regulator_protein-glutamate_methylesterase	3t6k-assembly2.cif.gz_B Crystal structure of a putative response regulator (Caur_3799) from Chloroflexus aurantiacus J-10-fl at 1.86 A resolution	0.203	129	94	2	130	3	121	1.117E-06	246
LOKIASV2_3341_ESMFold_chemotaxis_response_regulator_protein-glutamate_methylesterase	3h1f-assembly1.cif.gz_A	LOKIASV2_3341_ESMFold_chemotaxis_response_regulator_protein-glutamate_methylesterase	3h1f-assembly1.cif.gz_A Crystal structure of CheY mutant D53A of Helicobacter pylori	0.251	123	88	3	125	2	120	6.580E-07	246
LOKIASV2_3341_ESMFold_chemotaxis_response_regulator_protein-glutamate_methylesterase	3cz5-assembly2.cif.gz_B	LOKIASV2_3341_ESMFold_chemotaxis_response_regulator_protein-glutamate_methylesterase	3cz5-assembly2.cif.gz_B Crystal structure of two-component response regulator, LuxR family, from Aurantimonas sp. SI85-9A1	0.250	134	97	1	130	2	135	1.129E-07	245
LOKIASV2_3341_ESMFold_chemotaxis_response_regulator_protein-glutamate_methylesterase	6lgq-assembly1.cif.gz_D	LOKIASV2_3341_ESMFold_chemotaxis_response_regulator_protein-glutamate_methylesterase	6lgq-assembly1.cif.gz_D The crystal complex structure of histidine kinase and response regulator	0.261	130	86	1	130	1	117	9.361E-07	245
LOKIASV2_3341_ESMFold_chemotaxis_response_regulator_protein-glutamate_methylesterase	4le2-assembly3.cif.gz_B-2	LOKIASV2_3341_ESMFold_chemotaxis_response_regulator_protein-glutamate_methylesterase	4le2-assembly3.cif.gz_B-2 Crystal structure of the unphosphorylated receiver domain of DesR in the active state	0.250	124	87	1	124	3	119	4.361E-07	244
LOKIASV2_3341_ESMFold_chemotaxis_response_regulator_protein-glutamate_methylesterase	3hzh-assembly1.cif.gz_A	LOKIASV2_3341_ESMFold_chemotaxis_response_regulator_protein-glutamate_methylesterase	3hzh-assembly1.cif.gz_A Crystal structure of the CheX-CheY-BeF3-Mg+2 complex from Borrelia burgdorferi	0.298	131	84	2	132	14	133	5.516E-07	243
LOKIASV2_3341_ESMFold_chemotaxis_response_regulator_protein-glutamate_methylesterase	1nxx-assembly1.cif.gz_A-2	LOKIASV2_3341_ESMFold_chemotaxis_response_regulator_protein-glutamate_methylesterase	1nxx-assembly1.cif.gz_A-2 MicArec pH 5.5	0.312	128	76	3	130	2	112	2.695E-06	241
LOKIASV2_3341_ESMFold_chemotaxis_response_regulator_protein-glutamate_methylesterase	4h60-assembly1.cif.gz_A	LOKIASV2_3341_ESMFold_chemotaxis_response_regulator_protein-glutamate_methylesterase	4h60-assembly1.cif.gz_A High resolution structure of Vibrio cholerae chemotaxis protein CheY4 crystallized in low pH (4.0) condition	0.274	128	85	1	128	2	119	1.787E-06	241
LOKIASV2_3341_ESMFold_chemotaxis_response_regulator_protein-glutamate_methylesterase	3rvr-assembly2.cif.gz_B	LOKIASV2_3341_ESMFold_chemotaxis_response_regulator_protein-glutamate_methylesterase	3rvr-assembly2.cif.gz_B Structure of the CheYN59D/E89R Molybdate complex	0.328	122	80	2	121	8	129	1.606E-07	241
LOKIASV2_3341_ESMFold_chemotaxis_response_regulator_protein-glutamate_methylesterase	6ont-assembly1.cif.gz_A-2	LOKIASV2_3341_ESMFold_chemotaxis_response_regulator_protein-glutamate_methylesterase	6ont-assembly1.cif.gz_A-2 Structure of the Francisella response regulator 1452 receiver domain	0.280	130	84	1	130	1	118	1.256E-06	239
LOKIASV2_3341_ESMFold_chemotaxis_response_regulator_protein-glutamate_methylesterase	3rvo-assembly1.cif.gz_A	LOKIASV2_3341_ESMFold_chemotaxis_response_regulator_protein-glutamate_methylesterase	3rvo-assembly1.cif.gz_A Structure of CheY-Mn2+ Complex with substitutions at 59 and 89: N59D E89Y	0.314	122	82	2	121	6	127	1.065E-07	239
LOKIASV2_3341_ESMFold_chemotaxis_response_regulator_protein-glutamate_methylesterase	1srr-assembly1.cif.gz_A-2	LOKIASV2_3341_ESMFold_chemotaxis_response_regulator_protein-glutamate_methylesterase	1srr-assembly1.cif.gz_A-2 CRYSTAL STRUCTURE OF A PHOSPHATASE RESISTANT MUTANT OF SPORULATION RESPONSE REGULATOR SPO0F FROM BACILLUS SUBTILIS	0.283	125	83	1	125	1	117	9.361E-07	238
LOKIASV2_3341_ESMFold_chemotaxis_response_regulator_protein-glutamate_methylesterase	3b2n-assembly1.cif.gz_A	LOKIASV2_3341_ESMFold_chemotaxis_response_regulator_protein-glutamate_methylesterase	3b2n-assembly1.cif.gz_A Crystal structure of DNA-binding response regulator, LuxR family, from Staphylococcus aureus	0.289	119	83	1	118	1	119	7.400E-07	238
LOKIASV2_3341_ESMFold_chemotaxis_response_regulator_protein-glutamate_methylesterase	1zh4-assembly1.cif.gz_A	LOKIASV2_3341_ESMFold_chemotaxis_response_regulator_protein-glutamate_methylesterase	1zh4-assembly1.cif.gz_A Crystal Structure Of The Mg+2/BeF3-Bound Receiver Domain Of Kdp Potassium Transport System Response Regulator KdpE	0.269	130	85	1	130	1	117	3.215E-06	238
LOKIASV2_3341_ESMFold_chemotaxis_response_regulator_protein-glutamate_methylesterase	1nxs-assembly1.cif.gz_A-2	LOKIASV2_3341_ESMFold_chemotaxis_response_regulator_protein-glutamate_methylesterase	1nxs-assembly1.cif.gz_A-2 MicArec pH4.9	0.312	128	77	3	130	2	114	2.131E-06	237
LOKIASV2_3341_ESMFold_chemotaxis_response_regulator_protein-glutamate_methylesterase	4qpj-assembly2.cif.gz_C	LOKIASV2_3341_ESMFold_chemotaxis_response_regulator_protein-glutamate_methylesterase	4qpj-assembly2.cif.gz_C 2.7 Angstrom Structure of a Phosphotransferase in Complex with a Receiver Domain	0.269	129	85	2	130	3	119	2.397E-06	236
LOKIASV2_3341_ESMFold_chemotaxis_response_regulator_protein-glutamate_methylesterase	3dgf-assembly1.cif.gz_C	LOKIASV2_3341_ESMFold_chemotaxis_response_regulator_protein-glutamate_methylesterase	3dgf-assembly1.cif.gz_C Structure of a histidine kinase-response regulator complex reveals insights into Two-component signaling and a novel cis-autophosphorylation mechanism	0.318	129	80	1	129	1	119	8.323E-07	235
LOKIASV2_3341_ESMFold_chemotaxis_response_regulator_protein-glutamate_methylesterase	1nxo-assembly1.cif.gz_A-2	LOKIASV2_3341_ESMFold_chemotaxis_response_regulator_protein-glutamate_methylesterase	1nxo-assembly1.cif.gz_A-2 MicArec pH7.0	0.312	128	76	3	130	2	113	2.695E-06	233
LOKIASV2_3341_ESMFold_chemotaxis_response_regulator_protein-glutamate_methylesterase	2fmk-assembly1.cif.gz_A	LOKIASV2_3341_ESMFold_chemotaxis_response_regulator_protein-glutamate_methylesterase	2fmk-assembly1.cif.gz_A Crystal structure of Mg2+ and BeF3- bound CheY in complex with CheZ 200-214 solved from a P2(1)2(1)2 crystal grown in MES (pH 6.0)	0.336	122	79	2	121	5	126	3.065E-07	233
LOKIASV2_3341_ESMFold_chemotaxis_response_regulator_protein-glutamate_methylesterase	1ys7-assembly1.cif.gz_A	LOKIASV2_3341_ESMFold_chemotaxis_response_regulator_protein-glutamate_methylesterase	1ys7-assembly1.cif.gz_A Crystal structure of the response regulator protein prrA complexed with Mg2+	0.283	129	83	1	129	1	117	2.570E-07	233
LOKIASV2_3341_ESMFold_chemotaxis_response_regulator_protein-glutamate_methylesterase	1ys6-assembly1.cif.gz_A	LOKIASV2_3341_ESMFold_chemotaxis_response_regulator_protein-glutamate_methylesterase	1ys6-assembly1.cif.gz_A Crystal structure of the response regulatory protein PrrA from Mycobacterium Tuberculosis	0.280	130	83	1	130	1	116	8.827E-07	232
LOKIASV2_3341_ESMFold_chemotaxis_response_regulator_protein-glutamate_methylesterase	1nxt-assembly1.cif.gz_A-2	LOKIASV2_3341_ESMFold_chemotaxis_response_regulator_protein-glutamate_methylesterase	1nxt-assembly1.cif.gz_A-2 MicArec pH 4.0	0.312	128	76	3	130	2	113	6.136E-06	231
LOKIASV2_3341_ESMFold_chemotaxis_response_regulator_protein-glutamate_methylesterase	4jav-assembly1.cif.gz_D	LOKIASV2_3341_ESMFold_chemotaxis_response_regulator_protein-glutamate_methylesterase	4jav-assembly1.cif.gz_D Structural basis of a rationally rewired protein-protein interface (HK853wt and RR468mutant V13P, L14I, I17M and N21V)	0.317	126	78	1	126	1	115	2.695E-06	231
LOKIASV2_3341_ESMFold_chemotaxis_response_regulator_protein-glutamate_methylesterase	1dz3-assembly1.cif.gz_A-2	LOKIASV2_3341_ESMFold_chemotaxis_response_regulator_protein-glutamate_methylesterase	1dz3-assembly1.cif.gz_A-2 DOMAIN-SWAPPING IN THE SPORULATION RESPONSE REGULATOR SPO0A	0.299	124	85	1	124	1	122	7.400E-07	231
LOKIASV2_3341_ESMFold_chemotaxis_response_regulator_protein-glutamate_methylesterase	5hev-assembly1.cif.gz_A	LOKIASV2_3341_ESMFold_chemotaxis_response_regulator_protein-glutamate_methylesterase	5hev-assembly1.cif.gz_A Crystal Structure of the beryllofluoride-activated LiaR from Enterococcus faecium	0.261	151	107	1	146	1	151	4.676E-08	231
LOKIASV2_3341_ESMFold_chemotaxis_response_regulator_protein-glutamate_methylesterase	4uhj-assembly1.cif.gz_A	LOKIASV2_3341_ESMFold_chemotaxis_response_regulator_protein-glutamate_methylesterase	4uhj-assembly1.cif.gz_A Crystal structure of the receiver domain of CpxR from E. coli (orthorhombic form)	0.273	128	82	3	130	2	115	2.397E-06	230
LOKIASV2_3341_ESMFold_chemotaxis_response_regulator_protein-glutamate_methylesterase	4zms-assembly1.cif.gz_B	LOKIASV2_3341_ESMFold_chemotaxis_response_regulator_protein-glutamate_methylesterase	4zms-assembly1.cif.gz_B Structure of the full-length response regulator spr1814 in complex with a phosphate analogue and B3C	0.259	130	88	1	130	1	120	2.397E-06	229
LOKIASV2_3341_ESMFold_chemotaxis_response_regulator_protein-glutamate_methylesterase	3nnn-assembly1.cif.gz_B	LOKIASV2_3341_ESMFold_chemotaxis_response_regulator_protein-glutamate_methylesterase	3nnn-assembly1.cif.gz_B BeF3 Activated DrrD Receiver Domain	0.259	130	87	1	130	1	118	6.204E-07	227
LOKIASV2_3341_ESMFold_chemotaxis_response_regulator_protein-glutamate_methylesterase	3h1e-assembly1.cif.gz_A	LOKIASV2_3341_ESMFold_chemotaxis_response_regulator_protein-glutamate_methylesterase	3h1e-assembly1.cif.gz_A Crystal structure of Mg(2+) and BeH(3)(-)-bound CheY of Helicobacter pylori	0.248	123	89	3	125	2	120	1.787E-06	227
LOKIASV2_3341_ESMFold_chemotaxis_response_regulator_protein-glutamate_methylesterase	3rvq-assembly1.cif.gz_A	LOKIASV2_3341_ESMFold_chemotaxis_response_regulator_protein-glutamate_methylesterase	3rvq-assembly1.cif.gz_A Structure of the CheY-Mn2+ Complex with substitutions at 59 and 89: N59D E89K	0.325	123	81	1	121	4	126	5.202E-07	226
LOKIASV2_3341_ESMFold_chemotaxis_response_regulator_protein-glutamate_methylesterase	3kyj-assembly1.cif.gz_B	LOKIASV2_3341_ESMFold_chemotaxis_response_regulator_protein-glutamate_methylesterase	3kyj-assembly1.cif.gz_B Crystal structure of the P1 domain of CheA3 in complex with CheY6 from R. sphaeroides	0.366	130	79	2	131	4	129	2.009E-06	226
LOKIASV2_3341_ESMFold_chemotaxis_response_regulator_protein-glutamate_methylesterase	2gwr-assembly1.cif.gz_A	LOKIASV2_3341_ESMFold_chemotaxis_response_regulator_protein-glutamate_methylesterase	2gwr-assembly1.cif.gz_A Crystal structure of the response regulator protein mtrA from Mycobacterium Tuberculosis	0.224	137	94	2	138	5	126	1.053E-06	226
LOKIASV2_3341_ESMFold_chemotaxis_response_regulator_protein-glutamate_methylesterase	3cg0-assembly2.cif.gz_D	LOKIASV2_3341_ESMFold_chemotaxis_response_regulator_protein-glutamate_methylesterase	3cg0-assembly2.cif.gz_D Crystal structure of signal receiver domain of modulated diguanylate cyclase from Desulfovibrio desulfuricans G20, an example of alternate folding	0.195	126	97	1	126	2	123	7.400E-07	225
LOKIASV2_3341_ESMFold_chemotaxis_response_regulator_protein-glutamate_methylesterase	3nns-assembly3.cif.gz_B	LOKIASV2_3341_ESMFold_chemotaxis_response_regulator_protein-glutamate_methylesterase	3nns-assembly3.cif.gz_B BeF3 Activated DrrB Receiver Domain	0.259	130	84	1	130	2	116	1.787E-06	224
LOKIASV2_3341_ESMFold_chemotaxis_response_regulator_protein-glutamate_methylesterase	1nat-assembly1.cif.gz_A	LOKIASV2_3341_ESMFold_chemotaxis_response_regulator_protein-glutamate_methylesterase	1nat-assembly1.cif.gz_A CRYSTAL STRUCTURE OF SPOOF FROM BACILLUS SUBTILIS	0.285	125	83	1	125	1	117	5.456E-06	224
LOKIASV2_3341_ESMFold_chemotaxis_response_regulator_protein-glutamate_methylesterase	3hdg-assembly4.cif.gz_B	LOKIASV2_3341_ESMFold_chemotaxis_response_regulator_protein-glutamate_methylesterase	3hdg-assembly4.cif.gz_B Crystal structure of the N-terminal domain of an uncharacterized protein (WS1339) from Wolinella succinogenes	0.354	125	76	2	126	3	121	4.905E-07	224
LOKIASV2_3341_ESMFold_chemotaxis_response_regulator_protein-glutamate_methylesterase	3ffw-assembly1.cif.gz_A	LOKIASV2_3341_ESMFold_chemotaxis_response_regulator_protein-glutamate_methylesterase	3ffw-assembly1.cif.gz_A Crystal Structure of CheY triple mutant F14Q, N59K, E89Y complexed with BeF3- and Mn2+	0.314	122	82	2	121	5	126	3.448E-07	224
LOKIASV2_3341_ESMFold_chemotaxis_response_regulator_protein-glutamate_methylesterase	5hm6-assembly1.cif.gz_A	LOKIASV2_3341_ESMFold_chemotaxis_response_regulator_protein-glutamate_methylesterase	5hm6-assembly1.cif.gz_A N-terminal domain of BfmR from Acinetobacter baumannii	0.251	130	87	1	130	2	118	2.695E-06	223
LOKIASV2_3341_ESMFold_chemotaxis_response_regulator_protein-glutamate_methylesterase	3h1g-assembly1.cif.gz_A	LOKIASV2_3341_ESMFold_chemotaxis_response_regulator_protein-glutamate_methylesterase	3h1g-assembly1.cif.gz_A Crystal structure of Chey mutant T84A of helicobacter pylori	0.255	123	88	3	125	2	120	2.397E-06	223
LOKIASV2_3341_ESMFold_chemotaxis_response_regulator_protein-glutamate_methylesterase	1ab5-assembly2.cif.gz_B	LOKIASV2_3341_ESMFold_chemotaxis_response_regulator_protein-glutamate_methylesterase	1ab5-assembly2.cif.gz_B STRUCTURE OF CHEY MUTANT F14N, V21T	0.304	123	84	1	121	1	123	6.978E-07	223
LOKIASV2_3341_ESMFold_chemotaxis_response_regulator_protein-glutamate_methylesterase	3fgz-assembly2.cif.gz_B	LOKIASV2_3341_ESMFold_chemotaxis_response_regulator_protein-glutamate_methylesterase	3fgz-assembly2.cif.gz_B Crystal Structure of CheY triple mutant F14E, N59M, E89R complexed with BeF3- and Mn2+	0.328	122	80	2	121	5	126	8.323E-07	222
LOKIASV2_3341_ESMFold_chemotaxis_response_regulator_protein-glutamate_methylesterase	4yn8-assembly1.cif.gz_A	LOKIASV2_3341_ESMFold_chemotaxis_response_regulator_protein-glutamate_methylesterase	4yn8-assembly1.cif.gz_A Crystal Structure of Response Regulator ChrA in Heme-Sensing Two Component System	0.189	153	110	2	154	4	140	3.448E-07	222
LOKIASV2_3341_ESMFold_chemotaxis_response_regulator_protein-glutamate_methylesterase	1mb0-assembly1.cif.gz_A	LOKIASV2_3341_ESMFold_chemotaxis_response_regulator_protein-glutamate_methylesterase	1mb0-assembly1.cif.gz_A CRYSTAL STRUCTURE OF THE RESPONSE REGULATOR DIVK AT PH 8.0 IN COMPLEX WITH MN2+	0.187	129	85	1	129	1	106	4.574E-06	221
LOKIASV2_3341_ESMFold_chemotaxis_response_regulator_protein-glutamate_methylesterase	3ffx-assembly2.cif.gz_B	LOKIASV2_3341_ESMFold_chemotaxis_response_regulator_protein-glutamate_methylesterase	3ffx-assembly2.cif.gz_B Crystal Structure of CheY triple mutant F14E, N59R, E89H complexed with BeF3- and Mn2+	0.328	122	80	2	121	5	126	8.827E-07	221
LOKIASV2_3341_ESMFold_chemotaxis_response_regulator_protein-glutamate_methylesterase	3olv-assembly2.cif.gz_B	LOKIASV2_3341_ESMFold_chemotaxis_response_regulator_protein-glutamate_methylesterase	3olv-assembly2.cif.gz_B Structural and functional effects of substitution at position T+1 in CheY: CheYA88V-BeF3-Mg complex	0.299	122	83	2	121	5	126	4.625E-07	219
LOKIASV2_3341_ESMFold_chemotaxis_response_regulator_protein-glutamate_methylesterase	4ldz-assembly1.cif.gz_B	LOKIASV2_3341_ESMFold_chemotaxis_response_regulator_protein-glutamate_methylesterase	4ldz-assembly1.cif.gz_B Crystal structure of the full-length response regulator DesR in the active state	0.205	214	131	1	214	2	167	3.486E-08	219
LOKIASV2_3341_ESMFold_chemotaxis_response_regulator_protein-glutamate_methylesterase	1jbe-assembly1.cif.gz_A	LOKIASV2_3341_ESMFold_chemotaxis_response_regulator_protein-glutamate_methylesterase	1jbe-assembly1.cif.gz_A 1.08 A Structure of apo-Chey reveals meta-active conformation	0.304	120	83	2	121	5	124	6.204E-07	218
LOKIASV2_3341_ESMFold_chemotaxis_response_regulator_protein-glutamate_methylesterase	3hdg-assembly1.cif.gz_A	LOKIASV2_3341_ESMFold_chemotaxis_response_regulator_protein-glutamate_methylesterase	3hdg-assembly1.cif.gz_A Crystal structure of the N-terminal domain of an uncharacterized protein (WS1339) from Wolinella succinogenes	0.346	126	79	1	126	1	122	1.588E-06	217
LOKIASV2_3341_ESMFold_chemotaxis_response_regulator_protein-glutamate_methylesterase	4e7p-assembly2.cif.gz_A	LOKIASV2_3341_ESMFold_chemotaxis_response_regulator_protein-glutamate_methylesterase	4e7p-assembly2.cif.gz_A Crystal structure of receiver domain of putative NarL family response regulator spr1814 from Streptococcus pneumoniae in the presence of the phosphoryl analog beryllofluoride	0.250	130	89	1	130	1	120	4.574E-06	217
LOKIASV2_3341_ESMFold_chemotaxis_response_regulator_protein-glutamate_methylesterase	1xhf-assembly1.cif.gz_A	LOKIASV2_3341_ESMFold_chemotaxis_response_regulator_protein-glutamate_methylesterase	1xhf-assembly1.cif.gz_A Crystal structure of the bef3-activated receiver domain of redox response regulator arca	0.221	130	90	1	130	2	118	1.041E-05	215
LOKIASV2_3341_ESMFold_chemotaxis_response_regulator_protein-glutamate_methylesterase	6chy-assembly2.cif.gz_B	LOKIASV2_3341_ESMFold_chemotaxis_response_regulator_protein-glutamate_methylesterase	6chy-assembly2.cif.gz_B STRUCTURE OF CHEMOTAXIS PROTEIN CHEY	0.328	122	80	2	121	5	126	1.588E-06	215
LOKIASV2_3341_ESMFold_chemotaxis_response_regulator_protein-glutamate_methylesterase	4kfc-assembly1.cif.gz_B	LOKIASV2_3341_ESMFold_chemotaxis_response_regulator_protein-glutamate_methylesterase	4kfc-assembly1.cif.gz_B Crystal structure of a hyperactive mutant of response regulator KdpE complexed to its promoter DNA	0.268	138	89	1	138	2	124	3.835E-06	215
LOKIASV2_3341_ESMFold_chemotaxis_response_regulator_protein-glutamate_methylesterase	6zxc-assembly2.cif.gz_D	LOKIASV2_3341_ESMFold_chemotaxis_response_regulator_protein-glutamate_methylesterase	6zxc-assembly2.cif.gz_D Diguanylate cyclase DgcR (I-site mutant) in activated state	0.272	128	84	3	130	2	118	2.542E-06	215
LOKIASV2_3341_ESMFold_chemotaxis_response_regulator_protein-glutamate_methylesterase	1ymv-assembly1.cif.gz_A	LOKIASV2_3341_ESMFold_chemotaxis_response_regulator_protein-glutamate_methylesterase	1ymv-assembly1.cif.gz_A SIGNAL TRANSDUCTION PROTEIN CHEY MUTANT WITH PHE 14 REPLACED BY GLY, SER 15 REPLACED BY GLY, AND MET 17 REPLACED BY GLY	0.301	121	82	3	121	2	122	1.498E-06	213
LOKIASV2_3341_ESMFold_chemotaxis_response_regulator_protein-glutamate_methylesterase	1ab6-assembly2.cif.gz_B	LOKIASV2_3341_ESMFold_chemotaxis_response_regulator_protein-glutamate_methylesterase	1ab6-assembly2.cif.gz_B STRUCTURE OF CHEY MUTANT F14N, V86T	0.304	123	84	1	121	1	123	1.588E-06	213
LOKIASV2_3341_ESMFold_chemotaxis_response_regulator_protein-glutamate_methylesterase	6od1-assembly1.cif.gz_A	LOKIASV2_3341_ESMFold_chemotaxis_response_regulator_protein-glutamate_methylesterase	6od1-assembly1.cif.gz_A IraD-bound to RssB D58P variant	0.253	128	90	2	129	6	126	1.895E-06	213
LOKIASV2_3341_ESMFold_chemotaxis_response_regulator_protein-glutamate_methylesterase	2iyn-assembly3.cif.gz_C	LOKIASV2_3341_ESMFold_chemotaxis_response_regulator_protein-glutamate_methylesterase	2iyn-assembly3.cif.gz_C The co-factor-induced pre-active conformation in PhoB	0.198	128	84	3	130	2	107	7.762E-06	211
LOKIASV2_3341_ESMFold_chemotaxis_response_regulator_protein-glutamate_methylesterase	2ftk-assembly2.cif.gz_G	LOKIASV2_3341_ESMFold_chemotaxis_response_regulator_protein-glutamate_methylesterase	2ftk-assembly2.cif.gz_G berylloflouride Spo0F complex with Spo0B	0.267	125	84	1	125	1	116	5.144E-06	211
LOKIASV2_3341_ESMFold_chemotaxis_response_regulator_protein-glutamate_methylesterase	1m5t-assembly1.cif.gz_A	LOKIASV2_3341_ESMFold_chemotaxis_response_regulator_protein-glutamate_methylesterase	1m5t-assembly1.cif.gz_A CRYSTAL STRUCTURE OF THE RESPONSE REGULATOR DIVK	0.218	138	95	1	138	1	123	3.616E-06	211
LOKIASV2_3341_ESMFold_chemotaxis_response_regulator_protein-glutamate_methylesterase	2b1j-assembly1.cif.gz_A	LOKIASV2_3341_ESMFold_chemotaxis_response_regulator_protein-glutamate_methylesterase	2b1j-assembly1.cif.gz_A Crystal Structure of Unphosphorylated CheY Bound to the N-Terminus of FliM	0.307	122	82	2	121	5	126	1.412E-06	211
LOKIASV2_3341_ESMFold_chemotaxis_response_regulator_protein-glutamate_methylesterase	7qzo-assembly1.cif.gz_A	LOKIASV2_3341_ESMFold_chemotaxis_response_regulator_protein-glutamate_methylesterase	7qzo-assembly1.cif.gz_A Crystal structure of GacS D1 domain	0.192	132	100	2	133	4	128	4.851E-06	211
LOKIASV2_3341_ESMFold_chemotaxis_response_regulator_protein-glutamate_methylesterase	3c3m-assembly1.cif.gz_A-2	LOKIASV2_3341_ESMFold_chemotaxis_response_regulator_protein-glutamate_methylesterase	3c3m-assembly1.cif.gz_A-2 Crystal structure of the N-terminal domain of response regulator receiver protein from Methanoculleus marisnigri JR1	0.259	122	87	1	122	2	120	1.332E-06	210
LOKIASV2_3341_ESMFold_chemotaxis_response_regulator_protein-glutamate_methylesterase	1sd5-assembly1.cif.gz_A	LOKIASV2_3341_ESMFold_chemotaxis_response_regulator_protein-glutamate_methylesterase	1sd5-assembly1.cif.gz_A Crystal structure of Rv1626	0.227	130	93	1	130	1	121	4.067E-06	210
LOKIASV2_3341_ESMFold_chemotaxis_response_regulator_protein-glutamate_methylesterase	1e6l-assembly1.cif.gz_A	LOKIASV2_3341_ESMFold_chemotaxis_response_regulator_protein-glutamate_methylesterase	1e6l-assembly1.cif.gz_A Two-component signal transduction system D13A mutant of CheY	0.299	122	83	2	121	4	125	8.827E-07	209
LOKIASV2_3341_ESMFold_chemotaxis_response_regulator_protein-glutamate_methylesterase	1mih-assembly2.cif.gz_B	LOKIASV2_3341_ESMFold_chemotaxis_response_regulator_protein-glutamate_methylesterase	1mih-assembly2.cif.gz_B A ROLE FOR CHEY GLU 89 IN CHEZ-MEDIATED DEPHOSPHORYLATION OF THE E. COLI CHEMOTAXIS RESPONSE REGULATOR CHEY	0.307	122	82	2	121	5	126	1.498E-06	209
LOKIASV2_3341_ESMFold_chemotaxis_response_regulator_protein-glutamate_methylesterase	3olw-assembly2.cif.gz_B	LOKIASV2_3341_ESMFold_chemotaxis_response_regulator_protein-glutamate_methylesterase	3olw-assembly2.cif.gz_B Structural and functional effects of substitution at position T+1 in CheY: CheYA88T-BeF3-Mn complex	0.299	122	83	2	121	5	126	1.256E-06	209
LOKIASV2_3341_ESMFold_chemotaxis_response_regulator_protein-glutamate_methylesterase	6oec-assembly2.cif.gz_D	LOKIASV2_3341_ESMFold_chemotaxis_response_regulator_protein-glutamate_methylesterase	6oec-assembly2.cif.gz_D Yeast Spc42 Trimeric Coiled-Coil Amino Acids 181-211 fused to PDB: 3H5I	0.267	129	86	2	130	5	122	1.242E-05	209
LOKIASV2_3341_ESMFold_chemotaxis_response_regulator_protein-glutamate_methylesterase	1mav-assembly1.cif.gz_A	LOKIASV2_3341_ESMFold_chemotaxis_response_regulator_protein-glutamate_methylesterase	1mav-assembly1.cif.gz_A CRYSTAL STRUCTURE OF THE RESPONSE REGULATOR DIVK AT PH 6.0 IN COMPLEX WITH MN2+	0.225	138	90	1	138	1	117	1.588E-06	208
LOKIASV2_3341_ESMFold_chemotaxis_response_regulator_protein-glutamate_methylesterase	2qv0-assembly1.cif.gz_A	LOKIASV2_3341_ESMFold_chemotaxis_response_regulator_protein-glutamate_methylesterase	2qv0-assembly1.cif.gz_A Crystal structure of the response regulatory domain of protein mrkE from Klebsiella pneumoniae	0.217	128	90	3	130	2	117	6.136E-06	208
LOKIASV2_3341_ESMFold_chemotaxis_response_regulator_protein-glutamate_methylesterase	5chy-assembly1.cif.gz_A	LOKIASV2_3341_ESMFold_chemotaxis_response_regulator_protein-glutamate_methylesterase	5chy-assembly1.cif.gz_A STRUCTURE OF CHEMOTAXIS PROTEIN CHEY	0.307	122	82	2	121	5	126	2.009E-06	208
LOKIASV2_3341_ESMFold_chemotaxis_response_regulator_protein-glutamate_methylesterase	1oxk-assembly1.cif.gz_B	LOKIASV2_3341_ESMFold_chemotaxis_response_regulator_protein-glutamate_methylesterase	1oxk-assembly1.cif.gz_B Complex between YPD1 and SLN1 response regulator domain in space group P3(2)	0.248	122	89	1	120	1	122	2.542E-06	208
LOKIASV2_3341_ESMFold_chemotaxis_response_regulator_protein-glutamate_methylesterase	6eo3-assembly1.cif.gz_B	LOKIASV2_3341_ESMFold_chemotaxis_response_regulator_protein-glutamate_methylesterase	6eo3-assembly1.cif.gz_B Conformational dynamism for DNA interaction in Salmonella typhimurium RcsB response regulator. S207C P212121	0.159	139	110	1	139	1	132	3.032E-06	208
LOKIASV2_3341_ESMFold_chemotaxis_response_regulator_protein-glutamate_methylesterase	1zdm-assembly1.cif.gz_A	LOKIASV2_3341_ESMFold_chemotaxis_response_regulator_protein-glutamate_methylesterase	1zdm-assembly1.cif.gz_A Crystal Structure of Activated CheY Bound to Xe	0.320	121	81	2	121	5	125	2.542E-06	206
LOKIASV2_3341_ESMFold_chemotaxis_response_regulator_protein-glutamate_methylesterase	3oly-assembly2.cif.gz_B	LOKIASV2_3341_ESMFold_chemotaxis_response_regulator_protein-glutamate_methylesterase	3oly-assembly2.cif.gz_B Structural and functional effects of substitution at position T+1 in CheY: CheYA88M-BeF3-Mn complex	0.320	122	81	2	121	5	126	3.835E-06	205
LOKIASV2_3341_ESMFold_chemotaxis_response_regulator_protein-glutamate_methylesterase	1rnl-assembly1.cif.gz_A	LOKIASV2_3341_ESMFold_chemotaxis_response_regulator_protein-glutamate_methylesterase	1rnl-assembly1.cif.gz_A THE NITRATE/NITRITE RESPONSE REGULATOR PROTEIN NARL FROM NARL	0.207	180	118	2	181	3	152	3.697E-08	205
LOKIASV2_3341_ESMFold_chemotaxis_response_regulator_protein-glutamate_methylesterase	3cu5-assembly2.cif.gz_A	LOKIASV2_3341_ESMFold_chemotaxis_response_regulator_protein-glutamate_methylesterase	3cu5-assembly2.cif.gz_A Crystal structure of a two component transcriptional regulator AraC from Clostridium phytofermentans ISDg	0.287	130	81	1	130	1	115	4.574E-06	204
LOKIASV2_3341_ESMFold_chemotaxis_response_regulator_protein-glutamate_methylesterase	3oo1-assembly2.cif.gz_B	LOKIASV2_3341_ESMFold_chemotaxis_response_regulator_protein-glutamate_methylesterase	3oo1-assembly2.cif.gz_B Structure of E. Coli CheY mutant A113P in the absence of Sulfate	0.307	122	82	2	121	5	126	2.260E-06	203
LOKIASV2_3341_ESMFold_chemotaxis_response_regulator_protein-glutamate_methylesterase	4kny-assembly1.cif.gz_B	LOKIASV2_3341_ESMFold_chemotaxis_response_regulator_protein-glutamate_methylesterase	4kny-assembly1.cif.gz_B Crystal structure of the response regulator KdpE complexed to DNA in an active-like conformation	0.251	138	93	1	138	2	126	5.786E-06	203
LOKIASV2_3341_ESMFold_chemotaxis_response_regulator_protein-glutamate_methylesterase	2msl-assembly1.cif.gz_A	LOKIASV2_3341_ESMFold_chemotaxis_response_regulator_protein-glutamate_methylesterase	2msl-assembly1.cif.gz_A Solution Structure and Chemical Shift Assignments for the Apo form of the Receiver Domain of Nitrogen Regulatory Protein C (NTRC) at 35C	0.297	129	82	2	130	4	120	4.313E-06	202
LOKIASV2_3341_ESMFold_chemotaxis_response_regulator_protein-glutamate_methylesterase	3f7n-assembly2.cif.gz_B	LOKIASV2_3341_ESMFold_chemotaxis_response_regulator_protein-glutamate_methylesterase	3f7n-assembly2.cif.gz_B Crystal Structure of CheY triple mutant F14E, N59M, E89L complexed with BeF3- and Mn2+	0.307	122	82	2	121	5	126	2.859E-06	201
LOKIASV2_3341_ESMFold_chemotaxis_response_regulator_protein-glutamate_methylesterase	3f6c-assembly2.cif.gz_A	LOKIASV2_3341_ESMFold_chemotaxis_response_regulator_protein-glutamate_methylesterase	3f6c-assembly2.cif.gz_A CRYSTAL STRUCTURE OF N-TERMINAL DOMAIN OF POSITIVE TRANSCRIPTION REGULATOR evgA FROM ESCHERICHIA COLI	0.203	131	89	1	131	1	113	5.144E-06	201
LOKIASV2_3341_ESMFold_chemotaxis_response_regulator_protein-glutamate_methylesterase	1mb3-assembly1.cif.gz_A	LOKIASV2_3341_ESMFold_chemotaxis_response_regulator_protein-glutamate_methylesterase	1mb3-assembly1.cif.gz_A CRYSTAL STRUCTURE OF THE RESPONSE REGULATOR DIVK AT PH 8.5 IN COMPLEX WITH MG2+	0.225	138	90	1	138	1	117	3.835E-06	200
LOKIASV2_3341_ESMFold_chemotaxis_response_regulator_protein-glutamate_methylesterase	2i6f-assembly3.cif.gz_C	LOKIASV2_3341_ESMFold_chemotaxis_response_regulator_protein-glutamate_methylesterase	2i6f-assembly3.cif.gz_C Receiver domain from Myxococcus xanthus social motility protein FrzS	0.170	125	95	3	127	2	116	8.231E-06	200
LOKIASV2_3341_ESMFold_chemotaxis_response_regulator_protein-glutamate_methylesterase	5x5j-assembly1.cif.gz_A	LOKIASV2_3341_ESMFold_chemotaxis_response_regulator_protein-glutamate_methylesterase	5x5j-assembly1.cif.gz_A Crystal structure of response regulator AdeR receiver domain	0.286	129	81	2	130	4	117	2.370E-05	200
LOKIASV2_3341_ESMFold_chemotaxis_response_regulator_protein-glutamate_methylesterase	1ymu-assembly1.cif.gz_B	LOKIASV2_3341_ESMFold_chemotaxis_response_regulator_protein-glutamate_methylesterase	1ymu-assembly1.cif.gz_B SIGNAL TRANSDUCTION PROTEIN CHEY MUTANT WITH MET 17 REPLACED BY GLY (M17G)	0.299	122	83	1	120	1	122	5.786E-06	200
LOKIASV2_3341_ESMFold_chemotaxis_response_regulator_protein-glutamate_methylesterase	3fft-assembly2.cif.gz_B	LOKIASV2_3341_ESMFold_chemotaxis_response_regulator_protein-glutamate_methylesterase	3fft-assembly2.cif.gz_B Crystal Structure of CheY double mutant F14E, E89R complexed with BeF3- and Mn2+	0.307	122	82	2	121	5	126	3.032E-06	200
LOKIASV2_3341_ESMFold_chemotaxis_response_regulator_protein-glutamate_methylesterase	1jlk-assembly1.cif.gz_B	LOKIASV2_3341_ESMFold_chemotaxis_response_regulator_protein-glutamate_methylesterase	1jlk-assembly1.cif.gz_B Crystal structure of the Mn(2+)-bound form of response regulator Rcp1	0.190	126	96	1	119	1	126	2.859E-06	200
LOKIASV2_3341_ESMFold_chemotaxis_response_regulator_protein-glutamate_methylesterase	4qwv-assembly1.cif.gz_A	LOKIASV2_3341_ESMFold_chemotaxis_response_regulator_protein-glutamate_methylesterase	4qwv-assembly1.cif.gz_A A PBP-like protein built from fragments of different folds	0.354	126	78	2	127	139	259	5.786E-06	200
LOKIASV2_3341_ESMFold_chemotaxis_response_regulator_protein-glutamate_methylesterase	3w9s-assembly1.cif.gz_B	LOKIASV2_3341_ESMFold_chemotaxis_response_regulator_protein-glutamate_methylesterase	3w9s-assembly1.cif.gz_B Crystal Structure Analysis of the N-terminal Receiver domain of Response Regulator PmrA	0.246	123	86	4	126	2	116	4.574E-06	199
LOKIASV2_3341_ESMFold_chemotaxis_response_regulator_protein-glutamate_methylesterase	2pl1-assembly1.cif.gz_A	LOKIASV2_3341_ESMFold_chemotaxis_response_regulator_protein-glutamate_methylesterase	2pl1-assembly1.cif.gz_A Berrylium Fluoride activated receiver domain of E.coli PhoP	0.214	125	93	3	127	2	120	1.242E-05	199
LOKIASV2_3341_ESMFold_chemotaxis_response_regulator_protein-glutamate_methylesterase	1b00-assembly2.cif.gz_B	LOKIASV2_3341_ESMFold_chemotaxis_response_regulator_protein-glutamate_methylesterase	1b00-assembly2.cif.gz_B PHOB RECEIVER DOMAIN FROM ESCHERICHIA COLI	0.216	130	93	1	130	1	120	1.571E-05	199
LOKIASV2_3341_ESMFold_chemotaxis_response_regulator_protein-glutamate_methylesterase	7m0s-assembly1.cif.gz_B	LOKIASV2_3341_ESMFold_chemotaxis_response_regulator_protein-glutamate_methylesterase	7m0s-assembly1.cif.gz_B N-terminal domain of PmrA from Acinetobacter baumannii	0.267	130	85	1	130	1	117	1.666E-05	199
LOKIASV2_3341_ESMFold_chemotaxis_response_regulator_protein-glutamate_methylesterase	3grc-assembly5.cif.gz_C	LOKIASV2_3341_ESMFold_chemotaxis_response_regulator_protein-glutamate_methylesterase	3grc-assembly5.cif.gz_C Crystal structure of a sensor protein from Polaromonas sp. JS666	0.157	129	100	2	130	3	122	2.107E-05	199
LOKIASV2_3341_ESMFold_chemotaxis_response_regulator_protein-glutamate_methylesterase	1e6m-assembly1.cif.gz_A	LOKIASV2_3341_ESMFold_chemotaxis_response_regulator_protein-glutamate_methylesterase	1e6m-assembly1.cif.gz_A TWO-COMPONENT SIGNAL TRANSDUCTION SYSTEM D57A MUTANT OF CHEY	0.291	122	85	2	122	5	126	3.616E-06	199
LOKIASV2_3341_ESMFold_chemotaxis_response_regulator_protein-glutamate_methylesterase	6oec-assembly2.cif.gz_F	LOKIASV2_3341_ESMFold_chemotaxis_response_regulator_protein-glutamate_methylesterase	6oec-assembly2.cif.gz_F Yeast Spc42 Trimeric Coiled-Coil Amino Acids 181-211 fused to PDB: 3H5I	0.300	131	88	2	132	6	132	6.507E-06	199
LOKIASV2_3341_ESMFold_chemotaxis_response_regulator_protein-glutamate_methylesterase	2ftk-assembly2.cif.gz_H	LOKIASV2_3341_ESMFold_chemotaxis_response_regulator_protein-glutamate_methylesterase	2ftk-assembly2.cif.gz_H berylloflouride Spo0F complex with Spo0B	0.280	119	81	1	119	1	114	1.874E-05	198
LOKIASV2_3341_ESMFold_chemotaxis_response_regulator_protein-glutamate_methylesterase	3q9s-assembly1.cif.gz_A	LOKIASV2_3341_ESMFold_chemotaxis_response_regulator_protein-glutamate_methylesterase	3q9s-assembly1.cif.gz_A Crystal structure of rra(1-215) from Deinococcus Radiodurans	0.227	132	91	1	132	1	119	1.317E-05	198
LOKIASV2_3341_ESMFold_chemotaxis_response_regulator_protein-glutamate_methylesterase	3f7a-assembly1.cif.gz_B	LOKIASV2_3341_ESMFold_chemotaxis_response_regulator_protein-glutamate_methylesterase	3f7a-assembly1.cif.gz_B Structure of Orthorhombic crystal form of Pseudomonas aeruginosa RssB	0.230	126	96	1	126	2	127	3.410E-06	198
LOKIASV2_3341_ESMFold_chemotaxis_response_regulator_protein-glutamate_methylesterase	3jte-assembly1.cif.gz_A	LOKIASV2_3341_ESMFold_chemotaxis_response_regulator_protein-glutamate_methylesterase	3jte-assembly1.cif.gz_A Crystal structure of response regulator receiver domain Protein from clostridium thermocellum	0.271	126	89	1	126	1	123	9.258E-06	197
LOKIASV2_3341_ESMFold_chemotaxis_response_regulator_protein-glutamate_methylesterase	1ehc-assembly1.cif.gz_A	LOKIASV2_3341_ESMFold_chemotaxis_response_regulator_protein-glutamate_methylesterase	1ehc-assembly1.cif.gz_A STRUCTURE OF SIGNAL TRANSDUCTION PROTEIN CHEY	0.299	122	83	2	121	5	126	4.313E-06	197
LOKIASV2_3341_ESMFold_chemotaxis_response_regulator_protein-glutamate_methylesterase	6m8o-assembly1.cif.gz_A	LOKIASV2_3341_ESMFold_chemotaxis_response_regulator_protein-glutamate_methylesterase	6m8o-assembly1.cif.gz_A Crystal structure of the receiver domain of LytR from Staphylococcus aureus	0.274	130	84	3	132	2	118	2.514E-05	196
LOKIASV2_3341_ESMFold_chemotaxis_response_regulator_protein-glutamate_methylesterase	4hnr-assembly1.cif.gz_A	LOKIASV2_3341_ESMFold_chemotaxis_response_regulator_protein-glutamate_methylesterase	4hnr-assembly1.cif.gz_A High resolution structure of Chemotaxis response regulator CheY4 of Vibrio cholerae	0.265	125	86	1	125	2	119	1.874E-05	196
LOKIASV2_3341_ESMFold_chemotaxis_response_regulator_protein-glutamate_methylesterase	3to5-assembly1.cif.gz_A	LOKIASV2_3341_ESMFold_chemotaxis_response_regulator_protein-glutamate_methylesterase	3to5-assembly1.cif.gz_A High resolution structure of CheY3 from Vibrio cholerae	0.256	120	85	2	121	5	119	1.104E-05	196
LOKIASV2_3341_ESMFold_chemotaxis_response_regulator_protein-glutamate_methylesterase	3f6c-assembly3.cif.gz_B	LOKIASV2_3341_ESMFold_chemotaxis_response_regulator_protein-glutamate_methylesterase	3f6c-assembly3.cif.gz_B CRYSTAL STRUCTURE OF N-TERMINAL DOMAIN OF POSITIVE TRANSCRIPTION REGULATOR evgA FROM ESCHERICHIA COLI	0.229	119	90	1	119	1	118	1.171E-05	196
LOKIASV2_3341_ESMFold_chemotaxis_response_regulator_protein-glutamate_methylesterase	5uic-assembly1.cif.gz_A	LOKIASV2_3341_ESMFold_chemotaxis_response_regulator_protein-glutamate_methylesterase	5uic-assembly1.cif.gz_A Structure of the Francisella response regulator receiver domain, QseB	0.234	130	90	1	130	1	118	1.317E-05	195
LOKIASV2_3341_ESMFold_chemotaxis_response_regulator_protein-glutamate_methylesterase	7c1j-assembly1.cif.gz_A	LOKIASV2_3341_ESMFold_chemotaxis_response_regulator_protein-glutamate_methylesterase	7c1j-assembly1.cif.gz_A Crystal structure of the receiver domain of sensor histidine kinase PA1611 (PA1611REC) from Pseudomonas aeruginosa PAO1 with magnesium ion coordinated in the active site cleft	0.218	130	93	2	131	3	122	4.524E-05	195
LOKIASV2_3341_ESMFold_chemotaxis_response_regulator_protein-glutamate_methylesterase	2id7-assembly1.cif.gz_A	LOKIASV2_3341_ESMFold_chemotaxis_response_regulator_protein-glutamate_methylesterase	2id7-assembly1.cif.gz_A 1.75 A Structure of T87I Phosphono-CheY	0.299	121	83	2	121	5	125	4.067E-06	195
LOKIASV2_3341_ESMFold_chemotaxis_response_regulator_protein-glutamate_methylesterase	2r25-assembly1.cif.gz_B	LOKIASV2_3341_ESMFold_chemotaxis_response_regulator_protein-glutamate_methylesterase	2r25-assembly1.cif.gz_B Complex of YPD1 and SLN1-R1 with bound Mg2+ and BeF3-	0.204	137	103	2	138	3	133	7.762E-06	195
LOKIASV2_3341_ESMFold_chemotaxis_response_regulator_protein-glutamate_methylesterase	1m5u-assembly1.cif.gz_A	LOKIASV2_3341_ESMFold_chemotaxis_response_regulator_protein-glutamate_methylesterase	1m5u-assembly1.cif.gz_A CRYSTAL STRUCTURE OF THE RESPONSE REGULATOR DIVK. STRUCTURE AT PH 8.0 IN THE APO-FORM	0.225	138	87	1	138	1	113	4.851E-06	194
LOKIASV2_3341_ESMFold_chemotaxis_response_regulator_protein-glutamate_methylesterase	4nic-assembly2.cif.gz_D	LOKIASV2_3341_ESMFold_chemotaxis_response_regulator_protein-glutamate_methylesterase	4nic-assembly2.cif.gz_D Crystal structure of Klebsiella pneumoniae RstA BeF3-activated N-terminal receiver domain	0.232	128	88	3	130	2	116	3.793E-05	194
LOKIASV2_3341_ESMFold_chemotaxis_response_regulator_protein-glutamate_methylesterase	3gt7-assembly1.cif.gz_A	LOKIASV2_3341_ESMFold_chemotaxis_response_regulator_protein-glutamate_methylesterase	3gt7-assembly1.cif.gz_A CRYSTAL STRUCTURE OF SIGNAL RECEIVER DOMAIN OF SIGNAL TRANSDUCTION HISTIDINE KINASE FROM Syntrophus aciditrophicus	0.253	126	91	1	126	1	123	2.695E-06	194
LOKIASV2_3341_ESMFold_chemotaxis_response_regulator_protein-glutamate_methylesterase	6oec-assembly3.cif.gz_I	LOKIASV2_3341_ESMFold_chemotaxis_response_regulator_protein-glutamate_methylesterase	6oec-assembly3.cif.gz_I Yeast Spc42 Trimeric Coiled-Coil Amino Acids 181-211 fused to PDB: 3H5I	0.300	131	88	2	132	6	132	8.730E-06	194
LOKIASV2_3341_ESMFold_chemotaxis_response_regulator_protein-glutamate_methylesterase	5f64-assembly2.cif.gz_C	LOKIASV2_3341_ESMFold_chemotaxis_response_regulator_protein-glutamate_methylesterase	5f64-assembly2.cif.gz_C Putative positive transcription regulator (sensor EvgS) from Shigella flexneri	0.212	131	91	1	131	1	116	9.818E-06	194
LOKIASV2_3341_ESMFold_chemotaxis_response_regulator_protein-glutamate_methylesterase	4l85-assembly1.cif.gz_A	LOKIASV2_3341_ESMFold_chemotaxis_response_regulator_protein-glutamate_methylesterase	4l85-assembly1.cif.gz_A Crystal structure of receiver domain of KdpE D52A mutant from E. coli	0.250	132	85	1	132	3	116	5.396E-05	193
LOKIASV2_3341_ESMFold_chemotaxis_response_regulator_protein-glutamate_methylesterase	3crn-assembly1.cif.gz_B	LOKIASV2_3341_ESMFold_chemotaxis_response_regulator_protein-glutamate_methylesterase	3crn-assembly1.cif.gz_B Crystal structure of response regulator receiver domain protein (CheY-like) from Methanospirillum hungatei JF-1	0.198	130	93	1	130	2	118	6.825E-05	193
LOKIASV2_3341_ESMFold_chemotaxis_response_regulator_protein-glutamate_methylesterase	2iyn-assembly4.cif.gz_B	LOKIASV2_3341_ESMFold_chemotaxis_response_regulator_protein-glutamate_methylesterase	2iyn-assembly4.cif.gz_B The co-factor-induced pre-active conformation in PhoB	0.218	129	92	2	130	3	121	1.397E-05	193
LOKIASV2_3341_ESMFold_chemotaxis_response_regulator_protein-glutamate_methylesterase	4lx8-assembly1.cif.gz_A	LOKIASV2_3341_ESMFold_chemotaxis_response_regulator_protein-glutamate_methylesterase	4lx8-assembly1.cif.gz_A Crystal structure (2.2A) of Mg2+ bound CheY3 of Vibrio cholerae	0.268	118	84	2	117	5	122	9.258E-06	193
LOKIASV2_3341_ESMFold_chemotaxis_response_regulator_protein-glutamate_methylesterase	6oec-assembly3.cif.gz_H	LOKIASV2_3341_ESMFold_chemotaxis_response_regulator_protein-glutamate_methylesterase	6oec-assembly3.cif.gz_H Yeast Spc42 Trimeric Coiled-Coil Amino Acids 181-211 fused to PDB: 3H5I	0.300	131	88	2	132	6	132	1.104E-05	193
LOKIASV2_3341_ESMFold_chemotaxis_response_regulator_protein-glutamate_methylesterase	4kny-assembly1.cif.gz_A	LOKIASV2_3341_ESMFold_chemotaxis_response_regulator_protein-glutamate_methylesterase	4kny-assembly1.cif.gz_A Crystal structure of the response regulator KdpE complexed to DNA in an active-like conformation	0.260	138	90	1	138	2	124	2.827E-05	193
LOKIASV2_3341_ESMFold_chemotaxis_response_regulator_protein-glutamate_methylesterase	7w9h-assembly1.cif.gz_A	LOKIASV2_3341_ESMFold_chemotaxis_response_regulator_protein-glutamate_methylesterase	7w9h-assembly1.cif.gz_A Crystal structure of the receiver domain of the transcription regulator FleR from Pseudomonas aeruginosa	0.235	122	86	2	123	3	116	1.874E-05	191
LOKIASV2_3341_ESMFold_chemotaxis_response_regulator_protein-glutamate_methylesterase	5kbx-assembly1.cif.gz_B	LOKIASV2_3341_ESMFold_chemotaxis_response_regulator_protein-glutamate_methylesterase	5kbx-assembly1.cif.gz_B Co-crystal structure of the Saccharomyces cerevisiae histidine phosphotransfer signaling protein Ypd1 and the receiver domain of its downstream response regulator Ssk1	0.251	121	83	2	113	6	126	5.786E-06	191
LOKIASV2_3341_ESMFold_chemotaxis_response_regulator_protein-glutamate_methylesterase	6oec-assembly4.cif.gz_K	LOKIASV2_3341_ESMFold_chemotaxis_response_regulator_protein-glutamate_methylesterase	6oec-assembly4.cif.gz_K Yeast Spc42 Trimeric Coiled-Coil Amino Acids 181-211 fused to PDB: 3H5I	0.300	131	88	2	132	6	132	1.171E-05	191
LOKIASV2_3341_ESMFold_chemotaxis_response_regulator_protein-glutamate_methylesterase	6oec-assembly1.cif.gz_C	LOKIASV2_3341_ESMFold_chemotaxis_response_regulator_protein-glutamate_methylesterase	6oec-assembly1.cif.gz_C Yeast Spc42 Trimeric Coiled-Coil Amino Acids 181-211 fused to PDB: 3H5I	0.267	129	86	2	130	7	124	6.825E-05	191
LOKIASV2_3341_ESMFold_chemotaxis_response_regulator_protein-glutamate_methylesterase	3q15-assembly1.cif.gz_C-2	LOKIASV2_3341_ESMFold_chemotaxis_response_regulator_protein-glutamate_methylesterase	3q15-assembly1.cif.gz_C-2 Crystal Structure of RapH complexed with Spo0F	0.284	121	80	3	123	2	114	4.266E-05	190
LOKIASV2_3341_ESMFold_chemotaxis_response_regulator_protein-glutamate_methylesterase	3hv2-assembly1.cif.gz_A	LOKIASV2_3341_ESMFold_chemotaxis_response_regulator_protein-glutamate_methylesterase	3hv2-assembly1.cif.gz_A Crystal structure of signal receiver domain OF HD domain-containing protein FROM Pseudomonas fluorescens Pf-5	0.219	129	91	2	130	10	127	2.666E-05	190
LOKIASV2_3341_ESMFold_chemotaxis_response_regulator_protein-glutamate_methylesterase	5ed4-assembly2.cif.gz_F	LOKIASV2_3341_ESMFold_chemotaxis_response_regulator_protein-glutamate_methylesterase	5ed4-assembly2.cif.gz_F Structure of a PhoP-DNA complex	0.272	119	79	2	120	3	112	7.762E-06	190
LOKIASV2_3341_ESMFold_chemotaxis_response_regulator_protein-glutamate_methylesterase	2jba-assembly1.cif.gz_B	LOKIASV2_3341_ESMFold_chemotaxis_response_regulator_protein-glutamate_methylesterase	2jba-assembly1.cif.gz_B PhoB response regulator receiver domain constitutively-active double mutant D53A and Y102C.	0.225	130	92	1	130	1	120	5.088E-05	189
LOKIASV2_3341_ESMFold_chemotaxis_response_regulator_protein-glutamate_methylesterase	4hnq-assembly1.cif.gz_A	LOKIASV2_3341_ESMFold_chemotaxis_response_regulator_protein-glutamate_methylesterase	4hnq-assembly1.cif.gz_A Crystal Structure of the mutant Q97A of Vibrio cholerae CheY3	0.262	117	86	2	118	5	121	1.481E-05	189
LOKIASV2_3341_ESMFold_chemotaxis_response_regulator_protein-glutamate_methylesterase	3a0u-assembly1.cif.gz_A	LOKIASV2_3341_ESMFold_chemotaxis_response_regulator_protein-glutamate_methylesterase	3a0u-assembly1.cif.gz_A Crystal structure of response regulator protein TrrA (TM1360) from Thermotoga maritima in complex with Mg(2+)-BeF (wild type)	0.325	119	76	1	119	1	113	3.372E-05	188
LOKIASV2_3341_ESMFold_chemotaxis_response_regulator_protein-glutamate_methylesterase	1udr-assembly1.cif.gz_C	LOKIASV2_3341_ESMFold_chemotaxis_response_regulator_protein-glutamate_methylesterase	1udr-assembly1.cif.gz_C CHEY MUTANT WITH LYS 91 REPLACED BY ASP, LYS 92 REPLACED BY ALA, ILE 96 REPLACED BY LYS AND ALA 98 REPLACED BY LEU (STABILIZING MUTATIONS IN HELIX 4)	0.294	124	86	1	123	1	124	1.041E-05	188
LOKIASV2_3341_ESMFold_chemotaxis_response_regulator_protein-glutamate_methylesterase	6oap-assembly1.cif.gz_B	LOKIASV2_3341_ESMFold_chemotaxis_response_regulator_protein-glutamate_methylesterase	6oap-assembly1.cif.gz_B Crystal structure of a dual sensor histidine kinase in the green-light absorbing Pg state	0.244	133	97	2	130	4	136	2.695E-06	188
LOKIASV2_3341_ESMFold_chemotaxis_response_regulator_protein-glutamate_methylesterase	6ob8-assembly1.cif.gz_B	LOKIASV2_3341_ESMFold_chemotaxis_response_regulator_protein-glutamate_methylesterase	6ob8-assembly1.cif.gz_B Crystal structure of a dual sensor histidine kinase in green light illuminated state	0.239	134	97	2	130	4	137	1.412E-06	188
LOKIASV2_3341_ESMFold_chemotaxis_response_regulator_protein-glutamate_methylesterase	3i5a-assembly1.cif.gz_A	LOKIASV2_3341_ESMFold_chemotaxis_response_regulator_protein-glutamate_methylesterase	3i5a-assembly1.cif.gz_A Crystal structure of full-length WpsR from Pseudomonas syringae	0.219	128	98	1	126	1	128	4.067E-06	188
LOKIASV2_3341_ESMFold_chemotaxis_response_regulator_protein-glutamate_methylesterase	3bre-assembly1.cif.gz_B	LOKIASV2_3341_ESMFold_chemotaxis_response_regulator_protein-glutamate_methylesterase	3bre-assembly1.cif.gz_B Crystal Structure of P.aeruginosa PA3702	0.224	125	95	2	126	7	130	5.144E-06	188
LOKIASV2_3341_ESMFold_chemotaxis_response_regulator_protein-glutamate_methylesterase	2jb9-assembly1.cif.gz_A	LOKIASV2_3341_ESMFold_chemotaxis_response_regulator_protein-glutamate_methylesterase	2jb9-assembly1.cif.gz_A PhoB response regulator receiver domain constitutively-active double mutant D10A and D53E.	0.221	128	91	3	130	2	119	2.998E-05	187
LOKIASV2_3341_ESMFold_chemotaxis_response_regulator_protein-glutamate_methylesterase	2jba-assembly1.cif.gz_A	LOKIASV2_3341_ESMFold_chemotaxis_response_regulator_protein-glutamate_methylesterase	2jba-assembly1.cif.gz_A PhoB response regulator receiver domain constitutively-active double mutant D53A and Y102C.	0.222	132	94	1	132	1	122	4.524E-05	187
LOKIASV2_3341_ESMFold_chemotaxis_response_regulator_protein-glutamate_methylesterase	3olx-assembly2.cif.gz_B	LOKIASV2_3341_ESMFold_chemotaxis_response_regulator_protein-glutamate_methylesterase	3olx-assembly2.cif.gz_B Structural and functional effects of substitution at position T+1 in CheY: CheYA88S-BeF3-Mn complex	0.299	122	83	2	121	5	126	9.818E-06	187
LOKIASV2_3341_ESMFold_chemotaxis_response_regulator_protein-glutamate_methylesterase	6is2-assembly1.cif.gz_A	LOKIASV2_3341_ESMFold_chemotaxis_response_regulator_protein-glutamate_methylesterase	6is2-assembly1.cif.gz_A Crystal Structure of Staphylococcus aureus response regulator ArlR receiver domain in complex with Mg	0.257	131	87	2	132	3	120	4.797E-05	186
LOKIASV2_3341_ESMFold_chemotaxis_response_regulator_protein-glutamate_methylesterase	4kfc-assembly1.cif.gz_A	LOKIASV2_3341_ESMFold_chemotaxis_response_regulator_protein-glutamate_methylesterase	4kfc-assembly1.cif.gz_A Crystal structure of a hyperactive mutant of response regulator KdpE complexed to its promoter DNA	0.260	138	91	1	138	2	125	4.524E-05	186
LOKIASV2_3341_ESMFold_chemotaxis_response_regulator_protein-glutamate_methylesterase	5ep0-assembly1.cif.gz_A	LOKIASV2_3341_ESMFold_chemotaxis_response_regulator_protein-glutamate_methylesterase	5ep0-assembly1.cif.gz_A Quorum-Sensing Signal Integrator LuxO - Receiver+Catalytic Domains	0.200	194	154	1	194	1	193	1.065E-07	186
LOKIASV2_3341_ESMFold_chemotaxis_response_regulator_protein-glutamate_methylesterase	3h5i-assembly1.cif.gz_A	LOKIASV2_3341_ESMFold_chemotaxis_response_regulator_protein-glutamate_methylesterase	3h5i-assembly1.cif.gz_A Crystal structure of the N-terminal domain of a response regulator/sensory box/GGDEF 3-domain protein from Carboxydothermus hydrogenoformans	0.302	127	85	3	129	2	124	2.514E-05	185
LOKIASV2_3341_ESMFold_chemotaxis_response_regulator_protein-glutamate_methylesterase	5w43-assembly1.cif.gz_B	LOKIASV2_3341_ESMFold_chemotaxis_response_regulator_protein-glutamate_methylesterase	5w43-assembly1.cif.gz_B Structure of the two-component response regulator RcsB-DNA complex	0.203	129	101	2	130	3	130	1.171E-05	185
LOKIASV2_3341_ESMFold_chemotaxis_response_regulator_protein-glutamate_methylesterase	6zxm-assembly3.cif.gz_E	LOKIASV2_3341_ESMFold_chemotaxis_response_regulator_protein-glutamate_methylesterase	6zxm-assembly3.cif.gz_E Diguanylate cyclase DgcR in complex with c-di-GMP	0.272	128	85	3	130	2	119	2.235E-05	185
LOKIASV2_3341_ESMFold_chemotaxis_response_regulator_protein-glutamate_methylesterase	7pvk-assembly2.cif.gz_D	LOKIASV2_3341_ESMFold_chemotaxis_response_regulator_protein-glutamate_methylesterase	7pvk-assembly2.cif.gz_D X-ray structure of dimeric PorX (T272A mutant), in complex with pGpG.	0.240	129	88	2	130	3	119	1.481E-05	185
LOKIASV2_3341_ESMFold_chemotaxis_response_regulator_protein-glutamate_methylesterase	3a0r-assembly1.cif.gz_B	LOKIASV2_3341_ESMFold_chemotaxis_response_regulator_protein-glutamate_methylesterase	3a0r-assembly1.cif.gz_B Crystal structure of histidine kinase ThkA (TM1359) in complex with response regulator protein TrrA (TM1360)	0.314	125	78	1	125	1	114	1.041E-05	184
LOKIASV2_3341_ESMFold_chemotaxis_response_regulator_protein-glutamate_methylesterase	2nt3-assembly1.cif.gz_A	LOKIASV2_3341_ESMFold_chemotaxis_response_regulator_protein-glutamate_methylesterase	2nt3-assembly1.cif.gz_A Receiver domain from Myxococcus xanthus social motility protein FrzS (Y102A Mutant)	0.165	129	99	1	129	1	119	5.088E-05	184
LOKIASV2_3341_ESMFold_chemotaxis_response_regulator_protein-glutamate_methylesterase	6zxb-assembly1.cif.gz_B	LOKIASV2_3341_ESMFold_chemotaxis_response_regulator_protein-glutamate_methylesterase	6zxb-assembly1.cif.gz_B Diguanylate cyclase DgcR (I-site mutant) in native state	0.273	124	87	3	126	2	122	6.507E-06	184
LOKIASV2_3341_ESMFold_chemotaxis_response_regulator_protein-glutamate_methylesterase	3hv2-assembly1.cif.gz_B	LOKIASV2_3341_ESMFold_chemotaxis_response_regulator_protein-glutamate_methylesterase	3hv2-assembly1.cif.gz_B Crystal structure of signal receiver domain OF HD domain-containing protein FROM Pseudomonas fluorescens Pf-5	0.218	129	91	2	130	3	120	6.068E-05	183
LOKIASV2_3341_ESMFold_chemotaxis_response_regulator_protein-glutamate_methylesterase	1e6k-assembly1.cif.gz_A	LOKIASV2_3341_ESMFold_chemotaxis_response_regulator_protein-glutamate_methylesterase	1e6k-assembly1.cif.gz_A Two-component signal transduction system D12A mutant of CheY	0.291	122	84	2	121	7	128	1.397E-05	183
LOKIASV2_3341_ESMFold_chemotaxis_response_regulator_protein-glutamate_methylesterase	5ed4-assembly1.cif.gz_A	LOKIASV2_3341_ESMFold_chemotaxis_response_regulator_protein-glutamate_methylesterase	5ed4-assembly1.cif.gz_A Structure of a PhoP-DNA complex	0.269	129	85	2	130	4	120	4.797E-05	183
LOKIASV2_3341_ESMFold_chemotaxis_response_regulator_protein-glutamate_methylesterase	2jvk-assembly1.cif.gz_A	LOKIASV2_3341_ESMFold_chemotaxis_response_regulator_protein-glutamate_methylesterase	2jvk-assembly1.cif.gz_A NMR Solution Structure of the Hyper-Sporulation Response Regulator Spo0F Mutant L66A from Bacillus subtilis	0.265	142	93	2	143	4	131	1.397E-05	182
LOKIASV2_3341_ESMFold_chemotaxis_response_regulator_protein-glutamate_methylesterase	1k68-assembly1.cif.gz_B	LOKIASV2_3341_ESMFold_chemotaxis_response_regulator_protein-glutamate_methylesterase	1k68-assembly1.cif.gz_B Crystal Structure of the Phosphorylated Cyanobacterial Phytochrome Response Regulator RcpA	0.255	137	99	2	135	3	139	1.874E-05	182
LOKIASV2_3341_ESMFold_chemotaxis_response_regulator_protein-glutamate_methylesterase	6xvu-assembly2.cif.gz_C	LOKIASV2_3341_ESMFold_chemotaxis_response_regulator_protein-glutamate_methylesterase	6xvu-assembly2.cif.gz_C Bacteriophytochrome response regulator from Deinococcus radiodurans	0.219	137	105	2	136	3	139	1.242E-05	182
LOKIASV2_3341_ESMFold_chemotaxis_response_regulator_protein-glutamate_methylesterase	7pva-assembly2.cif.gz_C	LOKIASV2_3341_ESMFold_chemotaxis_response_regulator_protein-glutamate_methylesterase	7pva-assembly2.cif.gz_C 1.9 Angstrom crystal structure of dimeric PorX, co-crystallized in the presence of zinc	0.253	129	87	2	130	3	119	3.576E-05	182
LOKIASV2_3341_ESMFold_chemotaxis_response_regulator_protein-glutamate_methylesterase	4uhk-assembly2.cif.gz_A	LOKIASV2_3341_ESMFold_chemotaxis_response_regulator_protein-glutamate_methylesterase	4uhk-assembly2.cif.gz_A Crystal structure of the receiver domain of CpxR from E. coli (phosphorylated)	0.286	128	86	3	130	2	122	1.397E-05	181
LOKIASV2_3341_ESMFold_chemotaxis_response_regulator_protein-glutamate_methylesterase	1zy2-assembly1.cif.gz_A	LOKIASV2_3341_ESMFold_chemotaxis_response_regulator_protein-glutamate_methylesterase	1zy2-assembly1.cif.gz_A Crystal structure of the phosphorylated receiver domain of the transcription regulator NtrC1 from Aquifex aeolicus	0.265	124	89	3	126	2	123	9.818E-06	181
LOKIASV2_3341_ESMFold_chemotaxis_response_regulator_protein-glutamate_methylesterase	1a04-assembly2.cif.gz_B	LOKIASV2_3341_ESMFold_chemotaxis_response_regulator_protein-glutamate_methylesterase	1a04-assembly2.cif.gz_B THE STRUCTURE OF THE NITRATE/NITRITE RESPONSE REGULATOR PROTEIN NARL IN THE MONOCLINIC C2 CRYSTAL FORM	0.240	180	117	2	181	3	157	5.850E-07	181
LOKIASV2_3341_ESMFold_chemotaxis_response_regulator_protein-glutamate_methylesterase	7pva-assembly1.cif.gz_B	LOKIASV2_3341_ESMFold_chemotaxis_response_regulator_protein-glutamate_methylesterase	7pva-assembly1.cif.gz_B 1.9 Angstrom crystal structure of dimeric PorX, co-crystallized in the presence of zinc	0.251	129	87	2	130	3	119	2.998E-05	181
LOKIASV2_3341_ESMFold_chemotaxis_response_regulator_protein-glutamate_methylesterase	2i6f-assembly1.cif.gz_A	LOKIASV2_3341_ESMFold_chemotaxis_response_regulator_protein-glutamate_methylesterase	2i6f-assembly1.cif.gz_A Receiver domain from Myxococcus xanthus social motility protein FrzS	0.181	128	96	2	129	3	120	3.793E-05	180
LOKIASV2_3341_ESMFold_chemotaxis_response_regulator_protein-glutamate_methylesterase	3cfy-assembly1.cif.gz_A	LOKIASV2_3341_ESMFold_chemotaxis_response_regulator_protein-glutamate_methylesterase	3cfy-assembly1.cif.gz_A Crystal structure of signal receiver domain of putative Luxo repressor protein from Vibrio parahaemolyticus	0.261	126	90	2	124	3	128	1.571E-05	180
LOKIASV2_3341_ESMFold_chemotaxis_response_regulator_protein-glutamate_methylesterase	4s04-assembly2.cif.gz_F	LOKIASV2_3341_ESMFold_chemotaxis_response_regulator_protein-glutamate_methylesterase	4s04-assembly2.cif.gz_F Crystal structure of Klebsiella pneumoniae PmrA in complex with PmrA box DNA	0.223	128	89	3	130	2	117	3.793E-05	180
LOKIASV2_3341_ESMFold_chemotaxis_response_regulator_protein-glutamate_methylesterase	3r0j-assembly1.cif.gz_B	LOKIASV2_3341_ESMFold_chemotaxis_response_regulator_protein-glutamate_methylesterase	3r0j-assembly1.cif.gz_B Structure of PhoP from Mycobacterium tuberculosis	0.269	129	84	2	130	4	119	6.068E-05	180
LOKIASV2_3341_ESMFold_chemotaxis_response_regulator_protein-glutamate_methylesterase	2qxy-assembly1.cif.gz_A	LOKIASV2_3341_ESMFold_chemotaxis_response_regulator_protein-glutamate_methylesterase	2qxy-assembly1.cif.gz_A Crystal structure of a response regulator from Thermotoga maritima	0.227	131	90	1	131	2	119	1.030E-04	179
LOKIASV2_3341_ESMFold_chemotaxis_response_regulator_protein-glutamate_methylesterase	3cu5-assembly3.cif.gz_B	LOKIASV2_3341_ESMFold_chemotaxis_response_regulator_protein-glutamate_methylesterase	3cu5-assembly3.cif.gz_B Crystal structure of a two component transcriptional regulator AraC from Clostridium phytofermentans ISDg	0.305	132	89	1	132	1	129	1.397E-05	179
LOKIASV2_3341_ESMFold_chemotaxis_response_regulator_protein-glutamate_methylesterase	2vui-assembly1.cif.gz_B-2	LOKIASV2_3341_ESMFold_chemotaxis_response_regulator_protein-glutamate_methylesterase	2vui-assembly1.cif.gz_B-2 Crystal structure of the HupR receiver domain in inhibitory phospho- state	0.242	130	89	1	130	1	118	4.524E-05	179
LOKIASV2_3341_ESMFold_chemotaxis_response_regulator_protein-glutamate_methylesterase	6zj2-assembly2.cif.gz_C	LOKIASV2_3341_ESMFold_chemotaxis_response_regulator_protein-glutamate_methylesterase	6zj2-assembly2.cif.gz_C Structure of RcsB from Salmonella enterica serovar Typhimurium bound to promoter rprA in the presence of phosphomimetic BeF3-	0.182	134	104	1	128	1	134	8.231E-06	179
LOKIASV2_3341_ESMFold_chemotaxis_response_regulator_protein-glutamate_methylesterase	3c3w-assembly1.cif.gz_B	LOKIASV2_3341_ESMFold_chemotaxis_response_regulator_protein-glutamate_methylesterase	3c3w-assembly1.cif.gz_B Crystal Structure of the Mycobacterium tuberculosis Hypoxic Response Regulator DosR	0.258	142	96	1	130	1	142	8.323E-07	179
LOKIASV2_3341_ESMFold_chemotaxis_response_regulator_protein-glutamate_methylesterase	3q15-assembly2.cif.gz_D-3	LOKIASV2_3341_ESMFold_chemotaxis_response_regulator_protein-glutamate_methylesterase	3q15-assembly2.cif.gz_D-3 Crystal Structure of RapH complexed with Spo0F	0.225	122	75	3	124	2	99	9.156E-05	178
LOKIASV2_3341_ESMFold_chemotaxis_response_regulator_protein-glutamate_methylesterase	3kyi-assembly1.cif.gz_B	LOKIASV2_3341_ESMFold_chemotaxis_response_regulator_protein-glutamate_methylesterase	3kyi-assembly1.cif.gz_B Crystal structure of the phosphorylated P1 domain of CheA3 in complex with CheY6 from R. sphaeroides	0.333	118	67	2	119	3	103	3.576E-05	178
LOKIASV2_3341_ESMFold_chemotaxis_response_regulator_protein-glutamate_methylesterase	7e90-assembly1.cif.gz_B	LOKIASV2_3341_ESMFold_chemotaxis_response_regulator_protein-glutamate_methylesterase	7e90-assembly1.cif.gz_B Crystal structure of the receiver domain (D51E) of the response regulator VbrR from Vibrio parahaemolyticus	0.160	129	95	1	129	1	114	6.436E-05	177
LOKIASV2_3341_ESMFold_chemotaxis_response_regulator_protein-glutamate_methylesterase	4l85-assembly2.cif.gz_C-2	LOKIASV2_3341_ESMFold_chemotaxis_response_regulator_protein-glutamate_methylesterase	4l85-assembly2.cif.gz_C-2 Crystal structure of receiver domain of KdpE D52A mutant from E. coli	0.261	130	86	1	130	3	119	1.747E-04	177
LOKIASV2_3341_ESMFold_chemotaxis_response_regulator_protein-glutamate_methylesterase	3f7a-assembly1.cif.gz_A	LOKIASV2_3341_ESMFold_chemotaxis_response_regulator_protein-glutamate_methylesterase	3f7a-assembly1.cif.gz_A Structure of Orthorhombic crystal form of Pseudomonas aeruginosa RssB	0.244	130	95	1	130	2	127	3.372E-05	177
LOKIASV2_3341_ESMFold_chemotaxis_response_regulator_protein-glutamate_methylesterase	2qr3-assembly1.cif.gz_A	LOKIASV2_3341_ESMFold_chemotaxis_response_regulator_protein-glutamate_methylesterase	2qr3-assembly1.cif.gz_A Crystal structure of the N-terminal signal receiver domain of two-component system response regulator from Bacteroides fragilis	0.230	127	88	3	129	4	118	6.825E-05	176
LOKIASV2_3341_ESMFold_chemotaxis_response_regulator_protein-glutamate_methylesterase	3cnb-assembly3.cif.gz_C	LOKIASV2_3341_ESMFold_chemotaxis_response_regulator_protein-glutamate_methylesterase	3cnb-assembly3.cif.gz_C Crystal structure of signal receiver domain of DNA binding response regulator protein (merR) from Colwellia psychrerythraea 34H	0.248	121	90	1	121	1	121	1.481E-05	176
LOKIASV2_3341_ESMFold_chemotaxis_response_regulator_protein-glutamate_methylesterase	8e9g-assembly1.cif.gz_O	LOKIASV2_3341_ESMFold_chemotaxis_response_regulator_protein-glutamate_methylesterase	8e9g-assembly1.cif.gz_O Mycobacterial respiratory complex I with both quinone positions modelled	0.190	125	98	2	126	4	125	3.576E-05	176
LOKIASV2_3341_ESMFold_chemotaxis_response_regulator_protein-glutamate_methylesterase	1u8t-assembly2.cif.gz_B	LOKIASV2_3341_ESMFold_chemotaxis_response_regulator_protein-glutamate_methylesterase	1u8t-assembly2.cif.gz_B Crystal structure of CheY D13K Y106W alone and in complex with a FliM peptide	0.299	122	83	2	121	5	126	2.235E-05	176
LOKIASV2_3341_ESMFold_chemotaxis_response_regulator_protein-glutamate_methylesterase	1kgs-assembly1.cif.gz_A	LOKIASV2_3341_ESMFold_chemotaxis_response_regulator_protein-glutamate_methylesterase	1kgs-assembly1.cif.gz_A Crystal Structure at 1.50 A of an OmpR/PhoB Homolog from Thermotoga maritima	0.268	130	86	1	130	1	118	1.104E-05	176
LOKIASV2_3341_ESMFold_chemotaxis_response_regulator_protein-glutamate_methylesterase	3nhm-assembly1.cif.gz_A	LOKIASV2_3341_ESMFold_chemotaxis_response_regulator_protein-glutamate_methylesterase	3nhm-assembly1.cif.gz_A Crystal structure of a response regulator from Myxococcus xanthus	0.210	128	87	3	130	2	112	1.303E-04	175
LOKIASV2_3341_ESMFold_chemotaxis_response_regulator_protein-glutamate_methylesterase	4euk-assembly1.cif.gz_A	LOKIASV2_3341_ESMFold_chemotaxis_response_regulator_protein-glutamate_methylesterase	4euk-assembly1.cif.gz_A Crystal structure	0.230	132	95	1	124	2	133	2.370E-05	175
LOKIASV2_3341_ESMFold_chemotaxis_response_regulator_protein-glutamate_methylesterase	6oec-assembly2.cif.gz_E	LOKIASV2_3341_ESMFold_chemotaxis_response_regulator_protein-glutamate_methylesterase	6oec-assembly2.cif.gz_E Yeast Spc42 Trimeric Coiled-Coil Amino Acids 181-211 fused to PDB: 3H5I	0.300	128	86	2	129	7	130	6.436E-05	175
LOKIASV2_3341_ESMFold_chemotaxis_response_regulator_protein-glutamate_methylesterase	2iyn-assembly4.cif.gz_A	LOKIASV2_3341_ESMFold_chemotaxis_response_regulator_protein-glutamate_methylesterase	2iyn-assembly4.cif.gz_A The co-factor-induced pre-active conformation in PhoB	0.206	127	85	3	129	2	109	1.303E-04	174
LOKIASV2_3341_ESMFold_chemotaxis_response_regulator_protein-glutamate_methylesterase	3lte-assembly10.cif.gz_S	LOKIASV2_3341_ESMFold_chemotaxis_response_regulator_protein-glutamate_methylesterase	3lte-assembly10.cif.gz_S CRYSTAL STRUCTURE OF RESPONSE REGULATOR (SIGNAL RECEIVER DOMAIN) FROM Bermanella marisrubri	0.244	127	87	3	129	4	119	9.710E-05	174
LOKIASV2_3341_ESMFold_chemotaxis_response_regulator_protein-glutamate_methylesterase	6zj2-assembly3.cif.gz_O	LOKIASV2_3341_ESMFold_chemotaxis_response_regulator_protein-glutamate_methylesterase	6zj2-assembly3.cif.gz_O Structure of RcsB from Salmonella enterica serovar Typhimurium bound to promoter rprA in the presence of phosphomimetic BeF3-	0.168	122	98	1	119	1	122	4.266E-05	174
LOKIASV2_3341_ESMFold_chemotaxis_response_regulator_protein-glutamate_methylesterase	1vlz-assembly1.cif.gz_B	LOKIASV2_3341_ESMFold_chemotaxis_response_regulator_protein-glutamate_methylesterase	1vlz-assembly1.cif.gz_B UNCOUPLED PHOSPHORYLATION AND ACTIVATION IN BACTERIAL CHEMOTAXIS: THE 2.1 ANGSTROM STRUCTURE OF A THREONINE TO ISOLEUCINE MUTANT AT POSITION 87 OF CHEY	0.312	122	82	2	121	4	125	4.524E-05	174
LOKIASV2_3341_ESMFold_chemotaxis_response_regulator_protein-glutamate_methylesterase	1d4z-assembly1.cif.gz_A	LOKIASV2_3341_ESMFold_chemotaxis_response_regulator_protein-glutamate_methylesterase	1d4z-assembly1.cif.gz_A CRYSTAL STRUCTURE OF CHEY-95IV, A HYPERACTIVE CHEY MUTANT	0.307	122	82	2	121	5	126	3.576E-05	174
LOKIASV2_3341_ESMFold_chemotaxis_response_regulator_protein-glutamate_methylesterase	3r0j-assembly1.cif.gz_A	LOKIASV2_3341_ESMFold_chemotaxis_response_regulator_protein-glutamate_methylesterase	3r0j-assembly1.cif.gz_A Structure of PhoP from Mycobacterium tuberculosis	0.269	129	84	2	130	5	120	1.228E-04	174
LOKIASV2_3341_ESMFold_chemotaxis_response_regulator_protein-glutamate_methylesterase	6oaq-assembly1.cif.gz_B	LOKIASV2_3341_ESMFold_chemotaxis_response_regulator_protein-glutamate_methylesterase	6oaq-assembly1.cif.gz_B Crystal structure of a dual sensor histidine kinase in BeF3- bound state	0.237	132	98	2	130	4	135	9.818E-06	174
LOKIASV2_3341_ESMFold_chemotaxis_response_regulator_protein-glutamate_methylesterase	3m6m-assembly1.cif.gz_D	LOKIASV2_3341_ESMFold_chemotaxis_response_regulator_protein-glutamate_methylesterase	3m6m-assembly1.cif.gz_D Crystal structure of RpfF complexed with REC domain of RpfC	0.254	117	85	3	119	2	116	4.524E-05	173
LOKIASV2_3341_ESMFold_chemotaxis_response_regulator_protein-glutamate_methylesterase	4q7e-assembly1.cif.gz_B	LOKIASV2_3341_ESMFold_chemotaxis_response_regulator_protein-glutamate_methylesterase	4q7e-assembly1.cif.gz_B Non-phosphorylated HemR Receiver Domain from Leptospira biflexa	0.266	138	89	1	138	1	122	8.634E-05	173
LOKIASV2_3341_ESMFold_chemotaxis_response_regulator_protein-glutamate_methylesterase	7lcm-assembly1.cif.gz_A	LOKIASV2_3341_ESMFold_chemotaxis_response_regulator_protein-glutamate_methylesterase	7lcm-assembly1.cif.gz_A Receiver Domain of RssB bound to beryllofluoride	0.261	125	86	2	126	7	124	3.180E-05	173
LOKIASV2_3341_ESMFold_chemotaxis_response_regulator_protein-glutamate_methylesterase	6eo2-assembly1.cif.gz_A	LOKIASV2_3341_ESMFold_chemotaxis_response_regulator_protein-glutamate_methylesterase	6eo2-assembly1.cif.gz_A Conformational dynamism for DNA interaction in Salmonella typhimurium RcsB response regulator. S207C crossed	0.160	140	105	2	127	4	143	6.901E-06	172
LOKIASV2_3341_ESMFold_chemotaxis_response_regulator_protein-glutamate_methylesterase	7lza-assembly1.cif.gz_A	LOKIASV2_3341_ESMFold_chemotaxis_response_regulator_protein-glutamate_methylesterase	7lza-assembly1.cif.gz_A Activated form of VanR from S. coelicolor	0.219	138	97	1	138	1	125	4.524E-05	172
LOKIASV2_3341_ESMFold_chemotaxis_response_regulator_protein-glutamate_methylesterase	6ob8-assembly1.cif.gz_A	LOKIASV2_3341_ESMFold_chemotaxis_response_regulator_protein-glutamate_methylesterase	6ob8-assembly1.cif.gz_A Crystal structure of a dual sensor histidine kinase in green light illuminated state	0.223	131	100	1	130	4	134	2.827E-05	172
LOKIASV2_3341_ESMFold_chemotaxis_response_regulator_protein-glutamate_methylesterase	5dcl-assembly1.cif.gz_B	LOKIASV2_3341_ESMFold_chemotaxis_response_regulator_protein-glutamate_methylesterase	5dcl-assembly1.cif.gz_B Structure of a lantibiotic response regulator: N terminal domain of the nisin resistance regulator NsrR	0.215	129	89	1	129	2	116	4.266E-05	171
LOKIASV2_3341_ESMFold_chemotaxis_response_regulator_protein-glutamate_methylesterase	2qzj-assembly5.cif.gz_E	LOKIASV2_3341_ESMFold_chemotaxis_response_regulator_protein-glutamate_methylesterase	2qzj-assembly5.cif.gz_E Crystal structure of a two-component response regulator from Clostridium difficile	0.217	124	91	1	124	1	117	1.303E-04	171
LOKIASV2_3341_ESMFold_chemotaxis_response_regulator_protein-glutamate_methylesterase	2msk-assembly1.cif.gz_A	LOKIASV2_3341_ESMFold_chemotaxis_response_regulator_protein-glutamate_methylesterase	2msk-assembly1.cif.gz_A Solution Structure and Chemical Shift Assignments for BeF3 activated Receiver Domain of Nitrogen Regulatory Protein C (NtrC) at 35C	0.291	124	86	1	124	1	122	6.507E-06	171
LOKIASV2_3341_ESMFold_chemotaxis_response_regulator_protein-glutamate_methylesterase	5o8z-assembly1.cif.gz_A	LOKIASV2_3341_ESMFold_chemotaxis_response_regulator_protein-glutamate_methylesterase	5o8z-assembly1.cif.gz_A Conformational dynamism for DNA interaction in Salmonella typhimurium RcsB response regulator.	0.173	135	106	2	130	4	138	1.666E-05	171
LOKIASV2_3341_ESMFold_chemotaxis_response_regulator_protein-glutamate_methylesterase	5vxn-assembly1.cif.gz_B	LOKIASV2_3341_ESMFold_chemotaxis_response_regulator_protein-glutamate_methylesterase	5vxn-assembly1.cif.gz_B Structure of two RcsB dimers bound to two parallel DNAs.	0.187	129	101	2	126	3	131	3.576E-05	170
LOKIASV2_3341_ESMFold_chemotaxis_response_regulator_protein-glutamate_methylesterase	5vxn-assembly2.cif.gz_D	LOKIASV2_3341_ESMFold_chemotaxis_response_regulator_protein-glutamate_methylesterase	5vxn-assembly2.cif.gz_D Structure of two RcsB dimers bound to two parallel DNAs.	0.189	133	104	1	133	1	129	5.088E-05	170
LOKIASV2_3341_ESMFold_chemotaxis_response_regulator_protein-glutamate_methylesterase	6zix-assembly1.cif.gz_A	LOKIASV2_3341_ESMFold_chemotaxis_response_regulator_protein-glutamate_methylesterase	6zix-assembly1.cif.gz_A Structure of RcsB from Salmonella enterica serovar Typhimurium bound to promoter P1flhDC in the presence of phosphomimetic BeF3-	0.158	134	108	2	130	3	136	8.231E-06	170
LOKIASV2_3341_ESMFold_chemotaxis_response_regulator_protein-glutamate_methylesterase	6zj2-assembly1.cif.gz_A	LOKIASV2_3341_ESMFold_chemotaxis_response_regulator_protein-glutamate_methylesterase	6zj2-assembly1.cif.gz_A Structure of RcsB from Salmonella enterica serovar Typhimurium bound to promoter rprA in the presence of phosphomimetic BeF3-	0.173	134	106	2	130	3	136	1.666E-05	169
LOKIASV2_3341_ESMFold_chemotaxis_response_regulator_protein-glutamate_methylesterase	6oap-assembly1.cif.gz_A	LOKIASV2_3341_ESMFold_chemotaxis_response_regulator_protein-glutamate_methylesterase	6oap-assembly1.cif.gz_A Crystal structure of a dual sensor histidine kinase in the green-light absorbing Pg state	0.251	136	96	2	130	5	140	2.235E-05	169
LOKIASV2_3341_ESMFold_chemotaxis_response_regulator_protein-glutamate_methylesterase	7pva-assembly2.cif.gz_D	LOKIASV2_3341_ESMFold_chemotaxis_response_regulator_protein-glutamate_methylesterase	7pva-assembly2.cif.gz_D 1.9 Angstrom crystal structure of dimeric PorX, co-crystallized in the presence of zinc	0.244	129	88	2	130	3	119	1.092E-04	169
LOKIASV2_3341_ESMFold_chemotaxis_response_regulator_protein-glutamate_methylesterase	2jvi-assembly1.cif.gz_A	LOKIASV2_3341_ESMFold_chemotaxis_response_regulator_protein-glutamate_methylesterase	2jvi-assembly1.cif.gz_A NMR Solution Structure of the Hyper-Sporulation Response Regulator Spo0F Mutant H101A from Bacillus subtilis	0.268	136	92	2	137	4	129	9.258E-06	168
LOKIASV2_3341_ESMFold_chemotaxis_response_regulator_protein-glutamate_methylesterase	6oec-assembly3.cif.gz_G	LOKIASV2_3341_ESMFold_chemotaxis_response_regulator_protein-glutamate_methylesterase	6oec-assembly3.cif.gz_G Yeast Spc42 Trimeric Coiled-Coil Amino Acids 181-211 fused to PDB: 3H5I	0.295	129	87	3	131	2	126	6.436E-05	168
LOKIASV2_3341_ESMFold_chemotaxis_response_regulator_protein-glutamate_methylesterase	6oaq-assembly1.cif.gz_A	LOKIASV2_3341_ESMFold_chemotaxis_response_regulator_protein-glutamate_methylesterase	6oaq-assembly1.cif.gz_A Crystal structure of a dual sensor histidine kinase in BeF3- bound state	0.242	137	98	1	130	3	139	2.514E-05	168
LOKIASV2_3341_ESMFold_chemotaxis_response_regulator_protein-glutamate_methylesterase	1eay-assembly1.cif.gz_A	LOKIASV2_3341_ESMFold_chemotaxis_response_regulator_protein-glutamate_methylesterase	1eay-assembly1.cif.gz_A CHEY-BINDING (P2) DOMAIN OF CHEA IN COMPLEX WITH CHEY FROM ESCHERICHIA COLI	0.328	122	80	2	121	5	126	1.317E-05	167
LOKIASV2_3341_ESMFold_chemotaxis_response_regulator_protein-glutamate_methylesterase	6zj2-assembly3.cif.gz_M	LOKIASV2_3341_ESMFold_chemotaxis_response_regulator_protein-glutamate_methylesterase	6zj2-assembly3.cif.gz_M Structure of RcsB from Salmonella enterica serovar Typhimurium bound to promoter rprA in the presence of phosphomimetic BeF3-	0.179	132	103	2	127	3	134	3.180E-05	166
LOKIASV2_3341_ESMFold_chemotaxis_response_regulator_protein-glutamate_methylesterase	8oyp-assembly1.cif.gz_A	LOKIASV2_3341_ESMFold_chemotaxis_response_regulator_protein-glutamate_methylesterase	8oyp-assembly1.cif.gz_A Crystal structure of Ubiquitin specific protease 11 (USP11) in complex with a substrate mimetic	0.175	127	96	3	129	191	307	1.381E-04	165
LOKIASV2_3341_ESMFold_chemotaxis_response_regulator_protein-glutamate_methylesterase	2jrl-assembly1.cif.gz_B	LOKIASV2_3341_ESMFold_chemotaxis_response_regulator_protein-glutamate_methylesterase	2jrl-assembly1.cif.gz_B Solution structure of the beryllofluoride-activated NtrC4 receiver domain dimer	0.256	120	88	1	120	1	119	4.797E-05	164
LOKIASV2_3341_ESMFold_chemotaxis_response_regulator_protein-glutamate_methylesterase	2fsp-assembly1.cif.gz_A	LOKIASV2_3341_ESMFold_chemotaxis_response_regulator_protein-glutamate_methylesterase	2fsp-assembly1.cif.gz_A NMR SOLUTION STRUCTURE OF BACILLUS SUBTILIS SPO0F PROTEIN, MINIMIZED AVERAGE STRUCTURE	0.274	123	83	2	124	4	118	4.524E-05	164
LOKIASV2_3341_ESMFold_chemotaxis_response_regulator_protein-glutamate_methylesterase	6zii-assembly1.cif.gz_B	LOKIASV2_3341_ESMFold_chemotaxis_response_regulator_protein-glutamate_methylesterase	6zii-assembly1.cif.gz_B Structure of the isolated REC domain of RcsB from Salmonella enterica serovar Typhimurium in the presence of phosphomimetic BeF3-	0.160	133	103	2	125	3	135	3.576E-05	164
LOKIASV2_3341_ESMFold_chemotaxis_response_regulator_protein-glutamate_methylesterase	5xso-assembly1.cif.gz_A	LOKIASV2_3341_ESMFold_chemotaxis_response_regulator_protein-glutamate_methylesterase	5xso-assembly1.cif.gz_A Crystal structure of full-length FixJ from B. japonicum crystallized in space group C2221	0.263	129	91	2	130	4	127	1.242E-05	164
LOKIASV2_3341_ESMFold_chemotaxis_response_regulator_protein-glutamate_methylesterase	8jo2-assembly1.cif.gz_H	LOKIASV2_3341_ESMFold_chemotaxis_response_regulator_protein-glutamate_methylesterase	8jo2-assembly1.cif.gz_H Structural basis of transcriptional activation by the OmpR/PhoB-family response regulator PmrA	0.223	128	89	3	130	2	117	1.303E-04	163
LOKIASV2_3341_ESMFold_chemotaxis_response_regulator_protein-glutamate_methylesterase	1zgz-assembly2.cif.gz_C	LOKIASV2_3341_ESMFold_chemotaxis_response_regulator_protein-glutamate_methylesterase	1zgz-assembly2.cif.gz_C Crystal Structure Of The Receiver Domain Of TMAO Respiratory System Response Regulator TorR	0.208	125	93	1	125	1	118	1.303E-04	162
LOKIASV2_3341_ESMFold_chemotaxis_response_regulator_protein-glutamate_methylesterase	3hdv-assembly1.cif.gz_C	LOKIASV2_3341_ESMFold_chemotaxis_response_regulator_protein-glutamate_methylesterase	3hdv-assembly1.cif.gz_C Crystal structure of response regulator receiver protein from Pseudomonas putida	0.252	119	86	2	120	5	120	1.158E-04	162
LOKIASV2_3341_ESMFold_chemotaxis_response_regulator_protein-glutamate_methylesterase	5vxn-assembly1.cif.gz_A	LOKIASV2_3341_ESMFold_chemotaxis_response_regulator_protein-glutamate_methylesterase	5vxn-assembly1.cif.gz_A Structure of two RcsB dimers bound to two parallel DNAs.	0.171	137	101	2	124	3	139	3.793E-05	162
LOKIASV2_3341_ESMFold_chemotaxis_response_regulator_protein-glutamate_methylesterase	5i4c-assembly1.cif.gz_A-2	LOKIASV2_3341_ESMFold_chemotaxis_response_regulator_protein-glutamate_methylesterase	5i4c-assembly1.cif.gz_A-2 Crystal structure of non-phosphorylated receiver domain of the stress response regulator RcsB from Escherichia coli	0.165	129	101	2	130	3	124	2.796E-04	161
LOKIASV2_3341_ESMFold_chemotaxis_response_regulator_protein-glutamate_methylesterase	2vuh-assembly1.cif.gz_B-2	LOKIASV2_3341_ESMFold_chemotaxis_response_regulator_protein-glutamate_methylesterase	2vuh-assembly1.cif.gz_B-2 Crystal structure of the D55E mutant of the HupR receiver domain	0.242	130	89	1	130	1	118	3.751E-04	161
LOKIASV2_3341_ESMFold_chemotaxis_response_regulator_protein-glutamate_methylesterase	5ed4-assembly1.cif.gz_B	LOKIASV2_3341_ESMFold_chemotaxis_response_regulator_protein-glutamate_methylesterase	5ed4-assembly1.cif.gz_B Structure of a PhoP-DNA complex	0.284	120	81	2	121	4	117	6.068E-05	161
LOKIASV2_3341_ESMFold_chemotaxis_response_regulator_protein-glutamate_methylesterase	5uxv-assembly2.cif.gz_B	LOKIASV2_3341_ESMFold_chemotaxis_response_regulator_protein-glutamate_methylesterase	5uxv-assembly2.cif.gz_B Crystal Structure of Anti-anti-sigma factor PhyR I40V/S51C mutant from Bartonella quintana	0.192	124	96	2	125	120	239	4.022E-05	161
LOKIASV2_3341_ESMFold_chemotaxis_response_regulator_protein-glutamate_methylesterase	3i42-assembly1.cif.gz_A-2	LOKIASV2_3341_ESMFold_chemotaxis_response_regulator_protein-glutamate_methylesterase	3i42-assembly1.cif.gz_A-2 Structure of response regulator receiver domain (CheY-like) from Methylobacillus flagellatus	0.193	117	93	1	117	2	117	1.228E-04	160
LOKIASV2_3341_ESMFold_chemotaxis_response_regulator_protein-glutamate_methylesterase	1zy2-assembly1.cif.gz_B	LOKIASV2_3341_ESMFold_chemotaxis_response_regulator_protein-glutamate_methylesterase	1zy2-assembly1.cif.gz_B Crystal structure of the phosphorylated receiver domain of the transcription regulator NtrC1 from Aquifex aeolicus	0.285	124	85	3	126	2	121	5.722E-05	160
LOKIASV2_3341_ESMFold_chemotaxis_response_regulator_protein-glutamate_methylesterase	2n9u-assembly1.cif.gz_A	LOKIASV2_3341_ESMFold_chemotaxis_response_regulator_protein-glutamate_methylesterase	2n9u-assembly1.cif.gz_A Solution NMR structure of Erythrobacter litoralis PhyR response regulator REC domain	0.224	137	93	2	138	6	126	1.381E-04	160
LOKIASV2_3341_ESMFold_chemotaxis_response_regulator_protein-glutamate_methylesterase	3eq2-assembly1.cif.gz_A	LOKIASV2_3341_ESMFold_chemotaxis_response_regulator_protein-glutamate_methylesterase	3eq2-assembly1.cif.gz_A Structure of Hexagonal Crystal form of Pseudomonas aeruginosa RssB	0.250	130	92	1	130	2	124	2.998E-05	160
LOKIASV2_3341_ESMFold_chemotaxis_response_regulator_protein-glutamate_methylesterase	5ed4-assembly2.cif.gz_E	LOKIASV2_3341_ESMFold_chemotaxis_response_regulator_protein-glutamate_methylesterase	5ed4-assembly2.cif.gz_E Structure of a PhoP-DNA complex	0.276	129	84	2	130	4	120	8.634E-05	159
LOKIASV2_3341_ESMFold_chemotaxis_response_regulator_protein-glutamate_methylesterase	2v0n-assembly1.cif.gz_B	LOKIASV2_3341_ESMFold_chemotaxis_response_regulator_protein-glutamate_methylesterase	2v0n-assembly1.cif.gz_B ACTIVATED RESPONSE REGULATOR PLED IN COMPLEX WITH C-DIGMP AND GTP- ALPHA-S	0.148	256	201	1	237	1	256	1.722E-08	159
LOKIASV2_3341_ESMFold_chemotaxis_response_regulator_protein-glutamate_methylesterase	3m6m-assembly1.cif.gz_F	LOKIASV2_3341_ESMFold_chemotaxis_response_regulator_protein-glutamate_methylesterase	3m6m-assembly1.cif.gz_F Crystal structure of RpfF complexed with REC domain of RpfC	0.245	117	84	3	119	2	113	1.030E-04	158
LOKIASV2_3341_ESMFold_chemotaxis_response_regulator_protein-glutamate_methylesterase	5ic5-assembly1.cif.gz_A-2	LOKIASV2_3341_ESMFold_chemotaxis_response_regulator_protein-glutamate_methylesterase	5ic5-assembly1.cif.gz_A-2 Bacteriophytochrome response regulator RtBRR	0.254	141	101	1	141	2	138	9.258E-06	158
LOKIASV2_3341_ESMFold_chemotaxis_response_regulator_protein-glutamate_methylesterase	1dck-assembly1.cif.gz_A	LOKIASV2_3341_ESMFold_chemotaxis_response_regulator_protein-glutamate_methylesterase	1dck-assembly1.cif.gz_A STRUCTURE OF UNPHOSPHORYLATED FIXJ-N COMPLEXED WITH MN2+	0.229	129	89	2	130	4	120	6.365E-04	157
LOKIASV2_3341_ESMFold_chemotaxis_response_regulator_protein-glutamate_methylesterase	1fsp-assembly1.cif.gz_A	LOKIASV2_3341_ESMFold_chemotaxis_response_regulator_protein-glutamate_methylesterase	1fsp-assembly1.cif.gz_A NMR SOLUTION STRUCTURE OF BACILLUS SUBTILIS SPO0F PROTEIN, 20 STRUCTURES	0.276	122	82	2	123	4	117	1.554E-04	157
LOKIASV2_3341_ESMFold_chemotaxis_response_regulator_protein-glutamate_methylesterase	2jvj-assembly1.cif.gz_A	LOKIASV2_3341_ESMFold_chemotaxis_response_regulator_protein-glutamate_methylesterase	2jvj-assembly1.cif.gz_A NMR Solution Structure of the Hyper-Sporulation Response Regulator Spo0F Mutant I90A from Bacillus subtilis	0.269	136	91	2	137	4	129	1.317E-05	157
LOKIASV2_3341_ESMFold_chemotaxis_response_regulator_protein-glutamate_methylesterase	3ilh-assembly1.cif.gz_A	LOKIASV2_3341_ESMFold_chemotaxis_response_regulator_protein-glutamate_methylesterase	3ilh-assembly1.cif.gz_A Crystal structure of Two component response regulator from Cytophaga hutchinsonii	0.231	128	92	3	123	5	132	4.266E-05	155
LOKIASV2_3341_ESMFold_chemotaxis_response_regulator_protein-glutamate_methylesterase	6zix-assembly1.cif.gz_B	LOKIASV2_3341_ESMFold_chemotaxis_response_regulator_protein-glutamate_methylesterase	6zix-assembly1.cif.gz_B Structure of RcsB from Salmonella enterica serovar Typhimurium bound to promoter P1flhDC in the presence of phosphomimetic BeF3-	0.180	146	112	2	147	3	139	7.676E-05	155
LOKIASV2_3341_ESMFold_chemotaxis_response_regulator_protein-glutamate_methylesterase	5uxw-assembly2.cif.gz_B	LOKIASV2_3341_ESMFold_chemotaxis_response_regulator_protein-glutamate_methylesterase	5uxw-assembly2.cif.gz_B Crystal Structure of Anti-anti-sigma factor PhyR from Bartonella quintana	0.196	126	97	2	127	120	241	5.722E-05	155
LOKIASV2_3341_ESMFold_chemotaxis_response_regulator_protein-glutamate_methylesterase	2nt4-assembly1.cif.gz_A	LOKIASV2_3341_ESMFold_chemotaxis_response_regulator_protein-glutamate_methylesterase	2nt4-assembly1.cif.gz_A Receiver domain from Myxococcus xanthus social motility protein FrzS (H92F mutant)	0.179	124	93	2	125	5	118	3.978E-04	154
LOKIASV2_3341_ESMFold_chemotaxis_response_regulator_protein-glutamate_methylesterase	5brj-assembly1.cif.gz_A-2	LOKIASV2_3341_ESMFold_chemotaxis_response_regulator_protein-glutamate_methylesterase	5brj-assembly1.cif.gz_A-2 Structure of the bacteriophytochrome response regulator AtBRR	0.272	130	89	1	123	3	132	4.266E-05	154
LOKIASV2_3341_ESMFold_chemotaxis_response_regulator_protein-glutamate_methylesterase	4l85-assembly1.cif.gz_B	LOKIASV2_3341_ESMFold_chemotaxis_response_regulator_protein-glutamate_methylesterase	4l85-assembly1.cif.gz_B Crystal structure of receiver domain of KdpE D52A mutant from E. coli	0.261	130	82	1	130	2	113	3.145E-04	153
LOKIASV2_3341_ESMFold_chemotaxis_response_regulator_protein-glutamate_methylesterase	5o8y-assembly1.cif.gz_D	LOKIASV2_3341_ESMFold_chemotaxis_response_regulator_protein-glutamate_methylesterase	5o8y-assembly1.cif.gz_D Conformational dynamism for DNA interaction in Salmonella typhimurium RcsB response regulator.	0.160	154	120	1	144	1	154	1.666E-05	153
LOKIASV2_3341_ESMFold_chemotaxis_response_regulator_protein-glutamate_methylesterase	5u8m-assembly1.cif.gz_B	LOKIASV2_3341_ESMFold_chemotaxis_response_regulator_protein-glutamate_methylesterase	5u8m-assembly1.cif.gz_B A novel family of redox sensors in the streptococci evolved from two-component response regulators	0.129	130	102	1	130	1	118	3.751E-04	153
LOKIASV2_3341_ESMFold_chemotaxis_response_regulator_protein-glutamate_methylesterase	4le1-assembly1.cif.gz_A	LOKIASV2_3341_ESMFold_chemotaxis_response_regulator_protein-glutamate_methylesterase	4le1-assembly1.cif.gz_A Crystal structure of the receiver domain of DesR in the inactive state	0.250	124	89	1	124	1	119	8.141E-05	152
LOKIASV2_3341_ESMFold_chemotaxis_response_regulator_protein-glutamate_methylesterase	3cg4-assembly1.cif.gz_A	LOKIASV2_3341_ESMFold_chemotaxis_response_regulator_protein-glutamate_methylesterase	3cg4-assembly1.cif.gz_A Crystal structure of response regulator receiver domain protein (CheY-like) from Methanospirillum hungatei JF-1	0.213	124	94	3	126	4	124	1.381E-04	151
LOKIASV2_3341_ESMFold_chemotaxis_response_regulator_protein-glutamate_methylesterase	1zn2-assembly1.cif.gz_A	LOKIASV2_3341_ESMFold_chemotaxis_response_regulator_protein-glutamate_methylesterase	1zn2-assembly1.cif.gz_A Low Resolution Structure of Response Regulator StyR	0.267	128	92	3	130	4	129	8.634E-05	151
LOKIASV2_3341_ESMFold_chemotaxis_response_regulator_protein-glutamate_methylesterase	5vxn-assembly2.cif.gz_C	LOKIASV2_3341_ESMFold_chemotaxis_response_regulator_protein-glutamate_methylesterase	5vxn-assembly2.cif.gz_C Structure of two RcsB dimers bound to two parallel DNAs.	0.161	140	105	2	127	3	142	1.030E-04	151
LOKIASV2_3341_ESMFold_chemotaxis_response_regulator_protein-glutamate_methylesterase	6eo3-assembly1.cif.gz_A	LOKIASV2_3341_ESMFold_chemotaxis_response_regulator_protein-glutamate_methylesterase	6eo3-assembly1.cif.gz_A Conformational dynamism for DNA interaction in Salmonella typhimurium RcsB response regulator. S207C P212121	0.157	185	136	2	186	4	165	1.397E-05	151
LOKIASV2_3341_ESMFold_chemotaxis_response_regulator_protein-glutamate_methylesterase	4lzl-assembly1.cif.gz_A	LOKIASV2_3341_ESMFold_chemotaxis_response_regulator_protein-glutamate_methylesterase	4lzl-assembly1.cif.gz_A Structure of the inactive form of the regulatory domain from the repressor of iron transport regulator (RitR)	0.148	126	100	1	126	1	118	3.751E-04	149
LOKIASV2_3341_ESMFold_chemotaxis_response_regulator_protein-glutamate_methylesterase	2idm-assembly1.cif.gz_A	LOKIASV2_3341_ESMFold_chemotaxis_response_regulator_protein-glutamate_methylesterase	2idm-assembly1.cif.gz_A 2.00 A Structure of T87I/Y106W Phosphono-CheY	0.289	121	85	2	121	5	125	2.344E-04	149
LOKIASV2_3341_ESMFold_chemotaxis_response_regulator_protein-glutamate_methylesterase	6zj2-assembly3.cif.gz_N	LOKIASV2_3341_ESMFold_chemotaxis_response_regulator_protein-glutamate_methylesterase	6zj2-assembly3.cif.gz_N Structure of RcsB from Salmonella enterica serovar Typhimurium bound to promoter rprA in the presence of phosphomimetic BeF3-	0.169	133	103	3	127	2	134	9.710E-05	149
LOKIASV2_3341_ESMFold_chemotaxis_response_regulator_protein-glutamate_methylesterase	5w43-assembly1.cif.gz_A	LOKIASV2_3341_ESMFold_chemotaxis_response_regulator_protein-glutamate_methylesterase	5w43-assembly1.cif.gz_A Structure of the two-component response regulator RcsB-DNA complex	0.169	140	104	2	127	3	142	1.228E-04	149
LOKIASV2_3341_ESMFold_chemotaxis_response_regulator_protein-glutamate_methylesterase	3n0r-assembly1.cif.gz_A	LOKIASV2_3341_ESMFold_chemotaxis_response_regulator_protein-glutamate_methylesterase	3n0r-assembly1.cif.gz_A Structure of the PhyR stress response regulator at 1.25 Angstrom resolution	0.186	117	91	2	118	138	250	1.030E-04	148
LOKIASV2_3341_ESMFold_chemotaxis_response_regulator_protein-glutamate_methylesterase	6zil-assembly1.cif.gz_B	LOKIASV2_3341_ESMFold_chemotaxis_response_regulator_protein-glutamate_methylesterase	6zil-assembly1.cif.gz_B Structure of the isolated REC domain of RcsB from Salmonella enterica serovar Typhimurium in the apo form	0.165	126	97	1	126	1	117	5.336E-04	147
LOKIASV2_3341_ESMFold_chemotaxis_response_regulator_protein-glutamate_methylesterase	6er7-assembly1.cif.gz_A	LOKIASV2_3341_ESMFold_chemotaxis_response_regulator_protein-glutamate_methylesterase	6er7-assembly1.cif.gz_A CHEMOTAXIS PROTEIN CHEY FROM Pyrococcus horikoshiI	0.330	115	76	3	117	2	116	4.851E-06	146
LOKIASV2_3341_ESMFold_chemotaxis_response_regulator_protein-glutamate_methylesterase	1krw-assembly1.cif.gz_A	LOKIASV2_3341_ESMFold_chemotaxis_response_regulator_protein-glutamate_methylesterase	1krw-assembly1.cif.gz_A SOLUTION STRUCTURE AND BACKBONE DYNAMICS OF BERYLLOFLUORIDE-ACTIVATED NTRC RECEIVER DOMAIN	0.300	119	82	2	120	4	121	5.396E-05	146
LOKIASV2_3341_ESMFold_chemotaxis_response_regulator_protein-glutamate_methylesterase	7lz9-assembly1.cif.gz_A	LOKIASV2_3341_ESMFold_chemotaxis_response_regulator_protein-glutamate_methylesterase	7lz9-assembly1.cif.gz_A Inactive form of VanR from S. coelicolor	0.201	120	85	1	120	1	107	1.228E-04	146
LOKIASV2_3341_ESMFold_chemotaxis_response_regulator_protein-glutamate_methylesterase	2wb4-assembly1.cif.gz_B	LOKIASV2_3341_ESMFold_chemotaxis_response_regulator_protein-glutamate_methylesterase	2wb4-assembly1.cif.gz_B activated diguanylate cyclase PleD in complex with c-di-GMP	0.158	244	199	1	237	1	244	2.890E-07	144
LOKIASV2_3341_ESMFold_chemotaxis_response_regulator_protein-glutamate_methylesterase	6swl-assembly2.cif.gz_B	LOKIASV2_3341_ESMFold_chemotaxis_response_regulator_protein-glutamate_methylesterase	6swl-assembly2.cif.gz_B The REC domain of XynC, a response regulator from Geobacillus stearothermophilus	0.271	125	90	2	126	4	128	5.336E-04	143
LOKIASV2_3341_ESMFold_chemotaxis_response_regulator_protein-glutamate_methylesterase	4l4u-assembly1.cif.gz_A-2	LOKIASV2_3341_ESMFold_chemotaxis_response_regulator_protein-glutamate_methylesterase	4l4u-assembly1.cif.gz_A-2 Crystal structure of construct containing A. aeolicus NtrC1 receiver, central and DNA binding domains	0.157	275	196	2	234	9	283	6.273E-08	142
LOKIASV2_3341_ESMFold_chemotaxis_response_regulator_protein-glutamate_methylesterase	2qsj-assembly2.cif.gz_A	LOKIASV2_3341_ESMFold_chemotaxis_response_regulator_protein-glutamate_methylesterase	2qsj-assembly2.cif.gz_A Crystal structure of a LuxR family DNA-binding response regulator from Silicibacter pomeroyi	0.172	130	90	1	130	1	110	7.592E-04	141
LOKIASV2_3341_ESMFold_chemotaxis_response_regulator_protein-glutamate_methylesterase	2qvg-assembly1.cif.gz_A	LOKIASV2_3341_ESMFold_chemotaxis_response_regulator_protein-glutamate_methylesterase	2qvg-assembly1.cif.gz_A The crystal structure of a two-component response regulator from Legionella pneumophila	0.213	128	94	1	120	1	128	1.303E-04	140
LOKIASV2_3341_ESMFold_chemotaxis_response_regulator_protein-glutamate_methylesterase	7e1h-assembly12.cif.gz_L	LOKIASV2_3341_ESMFold_chemotaxis_response_regulator_protein-glutamate_methylesterase	7e1h-assembly12.cif.gz_L crystal structure of RD-BEF	0.190	129	92	3	131	2	115	7.592E-04	139
LOKIASV2_3341_ESMFold_chemotaxis_response_regulator_protein-glutamate_methylesterase	1hey-assembly1.cif.gz_A	LOKIASV2_3341_ESMFold_chemotaxis_response_regulator_protein-glutamate_methylesterase	1hey-assembly1.cif.gz_A INVESTIGATING THE STRUCTURAL DETERMINANTS OF THE P21-LIKE TRIPHOSPHATE AND MG2+ BINDING SITE	0.265	122	87	2	121	4	125	1.030E-04	139
LOKIASV2_3341_ESMFold_chemotaxis_response_regulator_protein-glutamate_methylesterase	6zj2-assembly2.cif.gz_D	LOKIASV2_3341_ESMFold_chemotaxis_response_regulator_protein-glutamate_methylesterase	6zj2-assembly2.cif.gz_D Structure of RcsB from Salmonella enterica serovar Typhimurium bound to promoter rprA in the presence of phosphomimetic BeF3-	0.167	141	105	1	127	1	141	2.965E-04	139
LOKIASV2_3341_ESMFold_chemotaxis_response_regulator_protein-glutamate_methylesterase	7e1h-assembly7.cif.gz_G	LOKIASV2_3341_ESMFold_chemotaxis_response_regulator_protein-glutamate_methylesterase	7e1h-assembly7.cif.gz_G crystal structure of RD-BEF	0.181	131	93	1	131	1	115	5.336E-04	138
LOKIASV2_3341_ESMFold_chemotaxis_response_regulator_protein-glutamate_methylesterase	4g97-assembly1.cif.gz_A	LOKIASV2_3341_ESMFold_chemotaxis_response_regulator_protein-glutamate_methylesterase	4g97-assembly1.cif.gz_A Crystal structure of the response regulator PhyR from Brucella abortus	0.170	129	103	2	130	115	239	3.537E-04	136
LOKIASV2_3341_ESMFold_chemotaxis_response_regulator_protein-glutamate_methylesterase	6qrj-assembly1.cif.gz_A-2	LOKIASV2_3341_ESMFold_chemotaxis_response_regulator_protein-glutamate_methylesterase	6qrj-assembly1.cif.gz_A-2 Crystal structure of ShkA full-length in complex with AMPPNP	0.201	127	87	2	128	352	461	1.449E-03	136
LOKIASV2_3341_ESMFold_chemotaxis_response_regulator_protein-glutamate_methylesterase	3eod-assembly1.cif.gz_A	LOKIASV2_3341_ESMFold_chemotaxis_response_regulator_protein-glutamate_methylesterase	3eod-assembly1.cif.gz_A Crystal structure of N-terminal domain of E. coli RssB	0.256	121	80	2	122	6	114	5.659E-04	135
LOKIASV2_3341_ESMFold_chemotaxis_response_regulator_protein-glutamate_methylesterase	3cg0-assembly2.cif.gz_B	LOKIASV2_3341_ESMFold_chemotaxis_response_regulator_protein-glutamate_methylesterase	3cg0-assembly2.cif.gz_B Crystal structure of signal receiver domain of modulated diguanylate cyclase from Desulfovibrio desulfuricans G20, an example of alternate folding	0.196	126	96	1	126	1	121	1.648E-04	135
LOKIASV2_3341_ESMFold_chemotaxis_response_regulator_protein-glutamate_methylesterase	4dad-assembly1.cif.gz_A-2	LOKIASV2_3341_ESMFold_chemotaxis_response_regulator_protein-glutamate_methylesterase	4dad-assembly1.cif.gz_A-2 Crystal structure of a Putative pilus assembly-related protein (BPSS2195) from Burkholderia pseudomallei K96243 at 2.50 A resolution (PSI Community Target, Shapiro L.)	0.159	133	105	1	133	8	133	8.539E-04	135
LOKIASV2_3341_ESMFold_chemotaxis_response_regulator_protein-glutamate_methylesterase	4dn6-assembly1.cif.gz_B	LOKIASV2_3341_ESMFold_chemotaxis_response_regulator_protein-glutamate_methylesterase	4dn6-assembly1.cif.gz_B Crystal structure of a putative pilus assembly protein (cpaE) from Burkholderia thailandensis E264 at 2.80 A resolution	0.170	126	100	1	126	1	121	9.603E-04	134
LOKIASV2_3341_ESMFold_chemotaxis_response_regulator_protein-glutamate_methylesterase	3kcn-assembly1.cif.gz_A	LOKIASV2_3341_ESMFold_chemotaxis_response_regulator_protein-glutamate_methylesterase	3kcn-assembly1.cif.gz_A The crystal structure of adenylate cyclase from Rhodopirellula baltica	0.218	133	102	2	132	3	135	4.219E-04	134
LOKIASV2_3341_ESMFold_chemotaxis_response_regulator_protein-glutamate_methylesterase	3rqi-assembly1.cif.gz_A-2	LOKIASV2_3341_ESMFold_chemotaxis_response_regulator_protein-glutamate_methylesterase	3rqi-assembly1.cif.gz_A-2 Crystal structure of a response regulator protein from Burkholderia pseudomallei with a phosphorylated aspartic acid, calcium ion and citrate	0.196	126	99	1	124	1	126	3.335E-04	134
LOKIASV2_3341_ESMFold_chemotaxis_response_regulator_protein-glutamate_methylesterase	5m7n-assembly1.cif.gz_A	LOKIASV2_3341_ESMFold_chemotaxis_response_regulator_protein-glutamate_methylesterase	5m7n-assembly1.cif.gz_A Crystal structure of NtrX from Brucella abortus in complex with ATP processed with the CrystalDirect automated mounting and cryo-cooling technology	0.173	266	194	2	236	3	268	2.725E-07	134
LOKIASV2_3341_ESMFold_chemotaxis_response_regulator_protein-glutamate_methylesterase	2rjn-assembly1.cif.gz_A	LOKIASV2_3341_ESMFold_chemotaxis_response_regulator_protein-glutamate_methylesterase	2rjn-assembly1.cif.gz_A Crystal structure of an uncharacterized protein Q2BKU2 from Neptuniibacter caesariensis	0.215	125	96	2	126	5	127	1.537E-03	133
LOKIASV2_3341_ESMFold_chemotaxis_response_regulator_protein-glutamate_methylesterase	2zay-assembly2.cif.gz_B	LOKIASV2_3341_ESMFold_chemotaxis_response_regulator_protein-glutamate_methylesterase	2zay-assembly2.cif.gz_B Crystal structure of response regulator from Desulfuromonas acetoxidans	0.242	125	92	1	125	1	122	4.474E-04	132
LOKIASV2_3341_ESMFold_chemotaxis_response_regulator_protein-glutamate_methylesterase	3luf-assembly1.cif.gz_A	LOKIASV2_3341_ESMFold_chemotaxis_response_regulator_protein-glutamate_methylesterase	3luf-assembly1.cif.gz_A Structure of probable two-component system response regulator/GGDEF domain protein	0.136	349	206	1	349	1	239	3.410E-06	132
LOKIASV2_3341_ESMFold_chemotaxis_response_regulator_protein-glutamate_methylesterase	7e1b-assembly2.cif.gz_G	LOKIASV2_3341_ESMFold_chemotaxis_response_regulator_protein-glutamate_methylesterase	7e1b-assembly2.cif.gz_G Crystal structure of VbrR-DNA complex	0.167	129	94	2	130	3	116	3.537E-04	131
LOKIASV2_3341_ESMFold_chemotaxis_response_regulator_protein-glutamate_methylesterase	5tqj-assembly1.cif.gz_A	LOKIASV2_3341_ESMFold_chemotaxis_response_regulator_protein-glutamate_methylesterase	5tqj-assembly1.cif.gz_A Crystal structure of response regulator receiver protein from Burkholderia phymatum	0.231	134	94	1	134	1	123	1.537E-03	130
LOKIASV2_3341_ESMFold_chemotaxis_response_regulator_protein-glutamate_methylesterase	5te9-assembly1.cif.gz_A-2	LOKIASV2_3341_ESMFold_chemotaxis_response_regulator_protein-glutamate_methylesterase	5te9-assembly1.cif.gz_A-2 Crystal structure of a response regulator receiver protein from Burkholderia phymatum	0.218	124	91	1	118	2	125	4.474E-04	129
LOKIASV2_3341_ESMFold_chemotaxis_response_regulator_protein-glutamate_methylesterase	5t3y-assembly1.cif.gz_A	LOKIASV2_3341_ESMFold_chemotaxis_response_regulator_protein-glutamate_methylesterase	5t3y-assembly1.cif.gz_A Solution structure of response regulator protein from Burkholderia multivorans	0.215	126	93	1	126	1	120	3.978E-04	128
LOKIASV2_3341_ESMFold_chemotaxis_response_regulator_protein-glutamate_methylesterase	5m7o-assembly1.cif.gz_B	LOKIASV2_3341_ESMFold_chemotaxis_response_regulator_protein-glutamate_methylesterase	5m7o-assembly1.cif.gz_B Crystal structure of NtrX from Brucella abortus processed with the CrystalDirect automated mounting and cryo-cooling technology	0.166	270	194	2	235	3	272	1.117E-06	128
LOKIASV2_3341_ESMFold_chemotaxis_response_regulator_protein-glutamate_methylesterase	5m7p-assembly1.cif.gz_B	LOKIASV2_3341_ESMFold_chemotaxis_response_regulator_protein-glutamate_methylesterase	5m7p-assembly1.cif.gz_B Crystal structure of NtrX from Brucella abortus in complex with ADP processed with the CrystalDirect automated mounting and cryo-cooling technology	0.206	193	151	2	194	3	193	1.104E-05	128
LOKIASV2_3341_ESMFold_chemotaxis_response_regulator_protein-glutamate_methylesterase	5m7o-assembly1.cif.gz_A	LOKIASV2_3341_ESMFold_chemotaxis_response_regulator_protein-glutamate_methylesterase	5m7o-assembly1.cif.gz_A Crystal structure of NtrX from Brucella abortus processed with the CrystalDirect automated mounting and cryo-cooling technology	0.161	273	196	2	236	3	275	3.448E-07	128
LOKIASV2_3341_ESMFold_chemotaxis_response_regulator_protein-glutamate_methylesterase	1d5w-assembly1.cif.gz_A	LOKIASV2_3341_ESMFold_chemotaxis_response_regulator_protein-glutamate_methylesterase	1d5w-assembly1.cif.gz_A PHOSPHORYLATED FIXJ RECEIVER DOMAIN	0.225	118	89	2	119	4	119	1.630E-03	126
LOKIASV2_3341_ESMFold_chemotaxis_response_regulator_protein-glutamate_methylesterase	5vfa-assembly2.cif.gz_B	LOKIASV2_3341_ESMFold_chemotaxis_response_regulator_protein-glutamate_methylesterase	5vfa-assembly2.cif.gz_B RitR Mutant - C128D	0.154	119	99	1	119	1	118	1.288E-03	125
LOKIASV2_3341_ESMFold_chemotaxis_response_regulator_protein-glutamate_methylesterase	1ny5-assembly1.cif.gz_A	LOKIASV2_3341_ESMFold_chemotaxis_response_regulator_protein-glutamate_methylesterase	1ny5-assembly1.cif.gz_A Crystal structure of sigm54 activator (AAA+ ATPase) in the inactive state	0.162	279	195	3	236	2	280	3.877E-07	124
LOKIASV2_3341_ESMFold_chemotaxis_response_regulator_protein-glutamate_methylesterase	3mf4-assembly1.cif.gz_A	LOKIASV2_3341_ESMFold_chemotaxis_response_regulator_protein-glutamate_methylesterase	3mf4-assembly1.cif.gz_A Crystal structure of putative two-component system response regulator/ggdef domain protein	0.139	351	210	1	351	1	245	4.313E-06	123
LOKIASV2_3341_ESMFold_chemotaxis_response_regulator_protein-glutamate_methylesterase	5vfa-assembly1.cif.gz_A	LOKIASV2_3341_ESMFold_chemotaxis_response_regulator_protein-glutamate_methylesterase	5vfa-assembly1.cif.gz_A RitR Mutant - C128D	0.128	130	102	1	130	1	118	4.425E-03	119
LOKIASV2_3341_ESMFold_chemotaxis_response_regulator_protein-glutamate_methylesterase	5u8k-assembly1.cif.gz_A	LOKIASV2_3341_ESMFold_chemotaxis_response_regulator_protein-glutamate_methylesterase	5u8k-assembly1.cif.gz_A RitR mutant - C128S	0.141	137	116	1	137	1	136	9.603E-04	118
LOKIASV2_3341_ESMFold_chemotaxis_response_regulator_protein-glutamate_methylesterase	1l5y-assembly1.cif.gz_B	LOKIASV2_3341_ESMFold_chemotaxis_response_regulator_protein-glutamate_methylesterase	1l5y-assembly1.cif.gz_B CRYSTAL STRUCTURE OF MG2+ / BEF3-BOUND RECEIVER DOMAIN OF SINORHIZOBIUM MELILOTI DCTD	0.201	133	102	2	130	3	135	3.978E-04	115
LOKIASV2_3341_ESMFold_chemotaxis_response_regulator_protein-glutamate_methylesterase	2msw-assembly1.cif.gz_A	LOKIASV2_3341_ESMFold_chemotaxis_response_regulator_protein-glutamate_methylesterase	2msw-assembly1.cif.gz_A Ligand-induced folding of a receiver domain	0.203	123	88	1	123	5	116	5.936E-03	114
LOKIASV2_3341_ESMFold_chemotaxis_response_regulator_protein-glutamate_methylesterase	3lua-assembly1.cif.gz_A	LOKIASV2_3341_ESMFold_chemotaxis_response_regulator_protein-glutamate_methylesterase	3lua-assembly1.cif.gz_A Crystal structure of a Signal receiver domain of Two component Signal Transduction (Histidine Kinase) from Clostridium thermocellum	0.201	129	97	2	130	3	124	4.425E-03	113
LOKIASV2_3341_ESMFold_chemotaxis_response_regulator_protein-glutamate_methylesterase	7e1b-assembly1.cif.gz_C	LOKIASV2_3341_ESMFold_chemotaxis_response_regulator_protein-glutamate_methylesterase	7e1b-assembly1.cif.gz_C Crystal structure of VbrR-DNA complex	0.186	132	98	1	132	1	121	1.215E-03	113
LOKIASV2_3341_ESMFold_chemotaxis_response_regulator_protein-glutamate_methylesterase	2j48-assembly1.cif.gz_A	LOKIASV2_3341_ESMFold_chemotaxis_response_regulator_protein-glutamate_methylesterase	2j48-assembly1.cif.gz_A NMR structure of the pseudo-receiver domain of the CikA protein.	0.165	123	96	1	123	1	116	1.449E-03	112
LOKIASV2_3341_ESMFold_chemotaxis_response_regulator_protein-glutamate_methylesterase	5lwl-assembly1.cif.gz_B	LOKIASV2_3341_ESMFold_chemotaxis_response_regulator_protein-glutamate_methylesterase	5lwl-assembly1.cif.gz_B MaeR D54A mutant response regulator bound to sulfate	0.190	120	96	2	121	3	121	2.186E-03	112
LOKIASV2_3341_ESMFold_chemotaxis_response_regulator_protein-glutamate_methylesterase	1ntr-assembly1.cif.gz_A	LOKIASV2_3341_ESMFold_chemotaxis_response_regulator_protein-glutamate_methylesterase	1ntr-assembly1.cif.gz_A SOLUTION STRUCTURE OF THE N-TERMINAL RECEIVER DOMAIN OF NTRC	0.322	120	77	2	121	5	119	1.965E-04	112
LOKIASV2_3341_ESMFold_chemotaxis_response_regulator_protein-glutamate_methylesterase	7p8e-assembly1.cif.gz_A-2	LOKIASV2_3341_ESMFold_chemotaxis_response_regulator_protein-glutamate_methylesterase	7p8e-assembly1.cif.gz_A-2 Crystal structure of the Receiver domain of M. truncatula cytokinin receptor MtCRE1	0.279	113	79	2	112	6	118	2.459E-03	111
LOKIASV2_3341_ESMFold_chemotaxis_response_regulator_protein-glutamate_methylesterase	7p8c-assembly1.cif.gz_B	LOKIASV2_3341_ESMFold_chemotaxis_response_regulator_protein-glutamate_methylesterase	7p8c-assembly1.cif.gz_B Crystal structure of the Receiver domain of A. thaliana cytokinin receptor AtCRE1 in complex with K+	0.266	88	57	2	79	7	94	5.936E-03	110
LOKIASV2_3341_ESMFold_chemotaxis_response_regulator_protein-glutamate_methylesterase	1dc8-assembly1.cif.gz_A	LOKIASV2_3341_ESMFold_chemotaxis_response_regulator_protein-glutamate_methylesterase	1dc8-assembly1.cif.gz_A STRUCTURE OF A TRANSIENTLY PHOSPHORYLATED "SWITCH" IN BACTERIAL SIGNAL TRANSDUCTION	0.277	120	85	2	121	4	121	8.051E-04	110
LOKIASV2_3341_ESMFold_chemotaxis_response_regulator_protein-glutamate_methylesterase	7e1b-assembly1.cif.gz_D	LOKIASV2_3341_ESMFold_chemotaxis_response_regulator_protein-glutamate_methylesterase	7e1b-assembly1.cif.gz_D Crystal structure of VbrR-DNA complex	0.193	127	90	1	127	1	113	3.298E-03	110
LOKIASV2_3341_ESMFold_chemotaxis_response_regulator_protein-glutamate_methylesterase	6tne-assembly1.cif.gz_A	LOKIASV2_3341_ESMFold_chemotaxis_response_regulator_protein-glutamate_methylesterase	6tne-assembly1.cif.gz_A Crystal structure of receiver domain from Hybrid Histidine Kinase CckA	0.223	123	82	3	125	2	107	1.133E-02	108
LOKIASV2_3341_ESMFold_chemotaxis_response_regulator_protein-glutamate_methylesterase	4ml3-assembly1.cif.gz_C	LOKIASV2_3341_ESMFold_chemotaxis_response_regulator_protein-glutamate_methylesterase	4ml3-assembly1.cif.gz_C X-ray structure of ComE D58A REC domain from Streptococcus pneumoniae	0.172	126	102	3	126	2	127	1.630E-03	108
LOKIASV2_3341_ESMFold_chemotaxis_response_regulator_protein-glutamate_methylesterase	1qkk-assembly1.cif.gz_A-2	LOKIASV2_3341_ESMFold_chemotaxis_response_regulator_protein-glutamate_methylesterase	1qkk-assembly1.cif.gz_A-2 Crystal structure of the receiver domain and linker region of DctD from Sinorhizobium meliloti	0.203	126	99	3	127	2	127	5.597E-03	108
LOKIASV2_3341_ESMFold_chemotaxis_response_regulator_protein-glutamate_methylesterase	7e1b-assembly2.cif.gz_H	LOKIASV2_3341_ESMFold_chemotaxis_response_regulator_protein-glutamate_methylesterase	7e1b-assembly2.cif.gz_H Crystal structure of VbrR-DNA complex	0.189	131	97	1	131	1	120	2.608E-03	106
LOKIASV2_3341_ESMFold_chemotaxis_response_regulator_protein-glutamate_methylesterase	3dzd-assembly1.cif.gz_B	LOKIASV2_3341_ESMFold_chemotaxis_response_regulator_protein-glutamate_methylesterase	3dzd-assembly1.cif.gz_B Crystal structure of sigma54 activator NTRC4 in the inactive state	0.163	289	191	3	291	2	230	4.266E-05	105
LOKIASV2_3341_ESMFold_chemotaxis_response_regulator_protein-glutamate_methylesterase	5ieb-assembly1.cif.gz_A	LOKIASV2_3341_ESMFold_chemotaxis_response_regulator_protein-glutamate_methylesterase	5ieb-assembly1.cif.gz_A Solution structure of SdrG from Sphingomonas melonis Fr1	0.142	118	96	1	118	4	116	1.133E-02	102
LOKIASV2_3341_ESMFold_chemotaxis_response_regulator_protein-glutamate_methylesterase	1l5y-assembly1.cif.gz_A	LOKIASV2_3341_ESMFold_chemotaxis_response_regulator_protein-glutamate_methylesterase	1l5y-assembly1.cif.gz_A CRYSTAL STRUCTURE OF MG2+ / BEF3-BOUND RECEIVER DOMAIN OF SINORHIZOBIUM MELILOTI DCTD	0.187	138	110	3	138	2	139	1.944E-03	101
LOKIASV2_3341_ESMFold_chemotaxis_response_regulator_protein-glutamate_methylesterase	5lwk-assembly1.cif.gz_B	LOKIASV2_3341_ESMFold_chemotaxis_response_regulator_protein-glutamate_methylesterase	5lwk-assembly1.cif.gz_B MaeR response regulator bound to beryllium trifluoride	0.204	121	95	1	121	1	120	1.068E-02	99
LOKIASV2_3341_ESMFold_chemotaxis_response_regulator_protein-glutamate_methylesterase	7p8c-assembly1.cif.gz_A	LOKIASV2_3341_ESMFold_chemotaxis_response_regulator_protein-glutamate_methylesterase	7p8c-assembly1.cif.gz_A Crystal structure of the Receiver domain of A. thaliana cytokinin receptor AtCRE1 in complex with K+	0.243	119	83	2	112	7	125	1.630E-03	99
LOKIASV2_3341_ESMFold_chemotaxis_response_regulator_protein-glutamate_methylesterase	7p8d-assembly1.cif.gz_A	LOKIASV2_3341_ESMFold_chemotaxis_response_regulator_protein-glutamate_methylesterase	7p8d-assembly1.cif.gz_A Crystal structure of the Receiver domain of A. thaliana cytokinin receptor AtCRE1 in complex with Mg2+	0.243	119	83	2	112	6	124	1.630E-03	99
LOKIASV2_3341_ESMFold_chemotaxis_response_regulator_protein-glutamate_methylesterase	2oqr-assembly1.cif.gz_A-2	LOKIASV2_3341_ESMFold_chemotaxis_response_regulator_protein-glutamate_methylesterase	2oqr-assembly1.cif.gz_A-2 The structure of the response regulator RegX3 from Mycobacterium tuberculosis	0.238	126	88	1	126	1	117	4.693E-03	99
LOKIASV2_3341_ESMFold_chemotaxis_response_regulator_protein-glutamate_methylesterase	4ml3-assembly1.cif.gz_A	LOKIASV2_3341_ESMFold_chemotaxis_response_regulator_protein-glutamate_methylesterase	4ml3-assembly1.cif.gz_A X-ray structure of ComE D58A REC domain from Streptococcus pneumoniae	0.154	128	104	3	130	2	125	1.709E-02	98
LOKIASV2_3341_ESMFold_chemotaxis_response_regulator_protein-glutamate_methylesterase	2ayx-assembly1.cif.gz_A	LOKIASV2_3341_ESMFold_chemotaxis_response_regulator_protein-glutamate_methylesterase	2ayx-assembly1.cif.gz_A Solution structure of the E.coli RcsC C-terminus (residues 700-949) containing linker region and phosphoreceiver domain	0.253	125	91	2	126	130	252	5.278E-03	98
LOKIASV2_3341_ESMFold_chemotaxis_response_regulator_protein-glutamate_methylesterase	2rdm-assembly1.cif.gz_A	LOKIASV2_3341_ESMFold_chemotaxis_response_regulator_protein-glutamate_methylesterase	2rdm-assembly1.cif.gz_A Crystal structure of response regulator receiver protein from Sinorhizobium medicae WSM419	0.218	122	91	2	123	5	121	1.201E-02	96
LOKIASV2_3341_ESMFold_chemotaxis_response_regulator_protein-glutamate_methylesterase	5iej-assembly1.cif.gz_A	LOKIASV2_3341_ESMFold_chemotaxis_response_regulator_protein-glutamate_methylesterase	5iej-assembly1.cif.gz_A Solution structure of the BeF3-activated conformation of SdrG from Pseudomonas melonis Fr1	0.154	120	94	3	122	6	117	1.813E-02	95
LOKIASV2_3341_ESMFold_chemotaxis_response_regulator_protein-glutamate_methylesterase	4xlt-assembly1.cif.gz_A	LOKIASV2_3341_ESMFold_chemotaxis_response_regulator_protein-glutamate_methylesterase	4xlt-assembly1.cif.gz_A Crystal structure of response regulator receiver protein from Dyadobacter fermentans DSM 18053	0.246	124	89	3	121	3	126	1.922E-02	92
LOKIASV2_3341_ESMFold_chemotaxis_response_regulator_protein-glutamate_methylesterase	1y80-assembly1.cif.gz_A	LOKIASV2_3341_ESMFold_chemotaxis_response_regulator_protein-glutamate_methylesterase	1y80-assembly1.cif.gz_A Structure of a corrinoid (factor IIIm)-binding protein from Moorella thermoacetica	0.138	123	103	1	123	4	123	1.274E-02	91
LOKIASV2_3341_ESMFold_chemotaxis_response_regulator_protein-glutamate_methylesterase	8ju8-assembly1.cif.gz_A	LOKIASV2_3341_ESMFold_chemotaxis_response_regulator_protein-glutamate_methylesterase	8ju8-assembly1.cif.gz_A de novo designed protein	0.136	137	116	2	138	3	137	1.709E-02	90
LOKIASV2_3341_ESMFold_chemotaxis_response_regulator_protein-glutamate_methylesterase	4lda-assembly7.cif.gz_G	LOKIASV2_3341_ESMFold_chemotaxis_response_regulator_protein-glutamate_methylesterase	4lda-assembly7.cif.gz_G Crystal structure of a CheY-like protein (tadZ) from Pseudomonas aeruginosa PAO1 at 2.70 A resolution	0.103	126	103	1	126	1	116	4.922E-02	88
LOKIASV2_3341_ESMFold_chemotaxis_response_regulator_protein-glutamate_methylesterase	7p8d-assembly1.cif.gz_B	LOKIASV2_3341_ESMFold_chemotaxis_response_regulator_protein-glutamate_methylesterase	7p8d-assembly1.cif.gz_B Crystal structure of the Receiver domain of A. thaliana cytokinin receptor AtCRE1 in complex with Mg2+	0.241	116	81	2	109	7	122	7.508E-03	88
LOKIASV2_3341_ESMFold_chemotaxis_response_regulator_protein-glutamate_methylesterase	3kht-assembly1.cif.gz_A	LOKIASV2_3341_ESMFold_chemotaxis_response_regulator_protein-glutamate_methylesterase	3kht-assembly1.cif.gz_A Crystal structure of response regulator from Hahella chejuensis	0.200	138	105	1	138	1	132	6.603E-02	86
LOKIASV2_3341_ESMFold_chemotaxis_response_regulator_protein-glutamate_methylesterase	4lda-assembly8.cif.gz_H	LOKIASV2_3341_ESMFold_chemotaxis_response_regulator_protein-glutamate_methylesterase	4lda-assembly8.cif.gz_H Crystal structure of a CheY-like protein (tadZ) from Pseudomonas aeruginosa PAO1 at 2.70 A resolution	0.100	119	105	1	118	2	120	2.735E-02	85
LOKIASV2_3341_ESMFold_chemotaxis_response_regulator_protein-glutamate_methylesterase	4b09-assembly5.cif.gz_J	LOKIASV2_3341_ESMFold_chemotaxis_response_regulator_protein-glutamate_methylesterase	4b09-assembly5.cif.gz_J Structure of unphosphorylated BaeR dimer	0.120	234	187	1	234	2	214	1.080E-03	85
LOKIASV2_3341_ESMFold_chemotaxis_response_regulator_protein-glutamate_methylesterase	4g86-assembly1.cif.gz_B	LOKIASV2_3341_ESMFold_chemotaxis_response_regulator_protein-glutamate_methylesterase	4g86-assembly1.cif.gz_B Crystal structure of the redox-active cofactor DBMIB bound to the full length circadian clock protein KaiA from Synechococcus elongatus	0.092	138	122	1	138	4	138	1.709E-02	83
LOKIASV2_3341_ESMFold_chemotaxis_response_regulator_protein-glutamate_methylesterase	4qic-assembly1.cif.gz_A	LOKIASV2_3341_ESMFold_chemotaxis_response_regulator_protein-glutamate_methylesterase	4qic-assembly1.cif.gz_A Co-Crystal Structure of Anti-anti-sigma factor PhyR complexed with Anti-sigma factor NepR from Bartonella quintana	0.213	125	91	2	126	125	240	3.891E-02	81
LOKIASV2_3341_ESMFold_chemotaxis_response_regulator_protein-glutamate_methylesterase	4qic-assembly1.cif.gz_C	LOKIASV2_3341_ESMFold_chemotaxis_response_regulator_protein-glutamate_methylesterase	4qic-assembly1.cif.gz_C Co-Crystal Structure of Anti-anti-sigma factor PhyR complexed with Anti-sigma factor NepR from Bartonella quintana	0.217	125	88	2	126	126	238	5.220E-02	80
LOKIASV2_3341_ESMFold_chemotaxis_response_regulator_protein-glutamate_methylesterase	7vza-assembly1.cif.gz_E-2	LOKIASV2_3341_ESMFold_chemotaxis_response_regulator_protein-glutamate_methylesterase	7vza-assembly1.cif.gz_E-2 The crystal structure of Non-hydrolyzing UDPGlcNAc 2-epimerase in complex with UDP	0.111	349	308	2	349	4	352	5.088E-05	77
LOKIASV2_3341_ESMFold_chemotaxis_response_regulator_protein-glutamate_methylesterase	5us6-assembly1.cif.gz_D	LOKIASV2_3341_ESMFold_chemotaxis_response_regulator_protein-glutamate_methylesterase	5us6-assembly1.cif.gz_D Structure of Dihydrodipicolinate Reductase from Vibrio vulnificus Bound to NADH and 2,6 Pyridine Dicarboxylic Acid with Intact Polyhistidine Tag	0.133	135	108	1	125	1	135	1.433E-02	75
LOKIASV2_3341_ESMFold_chemotaxis_response_regulator_protein-glutamate_methylesterase	3sy8-assembly1.cif.gz_A	LOKIASV2_3341_ESMFold_chemotaxis_response_regulator_protein-glutamate_methylesterase	3sy8-assembly1.cif.gz_A Crystal structure of the response regulator RocR	0.099	360	312	2	348	4	363	1.465E-04	75
LOKIASV2_3341_ESMFold_chemotaxis_response_regulator_protein-glutamate_methylesterase	2b4a-assembly1.cif.gz_A	LOKIASV2_3341_ESMFold_chemotaxis_response_regulator_protein-glutamate_methylesterase	2b4a-assembly1.cif.gz_A Crystal structure of a response regulator receiver domain protein (bh3024) from bacillus halodurans c-125 at 2.42 A resolution	0.140	119	94	2	120	3	112	1.503E-01	71
LOKIASV2_3341_ESMFold_chemotaxis_response_regulator_protein-glutamate_methylesterase	4p0t-assembly1.cif.gz_A	LOKIASV2_3341_ESMFold_chemotaxis_response_regulator_protein-glutamate_methylesterase	4p0t-assembly1.cif.gz_A Crystal structure of human centromere protein M	0.134	133	113	1	131	1	133	7.002E-02	69
LOKIASV2_3341_ESMFold_chemotaxis_response_regulator_protein-glutamate_methylesterase	5us6-assembly2.cif.gz_H	LOKIASV2_3341_ESMFold_chemotaxis_response_regulator_protein-glutamate_methylesterase	5us6-assembly2.cif.gz_H Structure of Dihydrodipicolinate Reductase from Vibrio vulnificus Bound to NADH and 2,6 Pyridine Dicarboxylic Acid with Intact Polyhistidine Tag	0.137	138	107	1	125	1	138	4.641E-02	66
LOKIASV2_3341_ESMFold_chemotaxis_response_regulator_protein-glutamate_methylesterase	4wyi-assembly1.cif.gz_A	LOKIASV2_3341_ESMFold_chemotaxis_response_regulator_protein-glutamate_methylesterase	4wyi-assembly1.cif.gz_A The crystal structure of Arabidopsis thaliana galactolipid synthase, MGD1 (apo-form)	0.128	349	258	2	350	4	300	1.288E-03	65
LOKIASV2_3341_ESMFold_chemotaxis_response_regulator_protein-glutamate_methylesterase	3sy8-assembly1.cif.gz_B	LOKIASV2_3341_ESMFold_chemotaxis_response_regulator_protein-glutamate_methylesterase	3sy8-assembly1.cif.gz_B Crystal structure of the response regulator RocR	0.125	313	255	2	314	4	295	1.944E-03	65
LOKIASV2_3341_ESMFold_chemotaxis_response_regulator_protein-glutamate_methylesterase	1tlt-assembly1.cif.gz_B	LOKIASV2_3341_ESMFold_chemotaxis_response_regulator_protein-glutamate_methylesterase	1tlt-assembly1.cif.gz_B Crystal Structure of a Putative Oxidoreductase (VIRULENCE FACTOR mviM HOMOLOG)	0.108	117	89	1	101	1	117	4.641E-02	64
LOKIASV2_3341_ESMFold_chemotaxis_response_regulator_protein-glutamate_methylesterase	6ft1-assembly1.cif.gz_A	LOKIASV2_3341_ESMFold_chemotaxis_response_regulator_protein-glutamate_methylesterase	6ft1-assembly1.cif.gz_A Crystal structure of oxidised Flavodoxin 1 from Bacillus cereus (1.4 A resolution)	0.147	143	102	3	123	2	144	8.352E-02	62
LOKIASV2_3341_ESMFold_chemotaxis_response_regulator_protein-glutamate_methylesterase	8hx8-assembly1.cif.gz_B	LOKIASV2_3341_ESMFold_chemotaxis_response_regulator_protein-glutamate_methylesterase	8hx8-assembly1.cif.gz_B Crystal structure of 4-amino-4-deoxychorismate synthase from Streptomyces venezuelae co-crystallized with chorismate	0.127	105	87	2	106	3	103	6.226E-02	62
LOKIASV2_3341_ESMFold_chemotaxis_response_regulator_protein-glutamate_methylesterase	7y19-assembly1.cif.gz_A	LOKIASV2_3341_ESMFold_chemotaxis_response_regulator_protein-glutamate_methylesterase	7y19-assembly1.cif.gz_A Transcriptional regulator BrpR	0.109	128	110	3	130	7	131	9.393E-02	61
LOKIASV2_3341_ESMFold_chemotaxis_response_regulator_protein-glutamate_methylesterase	2aml-assembly1.cif.gz_B	LOKIASV2_3341_ESMFold_chemotaxis_response_regulator_protein-glutamate_methylesterase	2aml-assembly1.cif.gz_B Crystal structure of Lmo0035 protein (46906266) from LISTERIA MONOCYTOGENES 4b F2365 at 1.50 A resolution	0.105	272	210	2	237	39	310	1.288E-03	60
LOKIASV2_3341_ESMFold_chemotaxis_response_regulator_protein-glutamate_methylesterase	1xea-assembly1.cif.gz_D	LOKIASV2_3341_ESMFold_chemotaxis_response_regulator_protein-glutamate_methylesterase	1xea-assembly1.cif.gz_D Crystal structure of a Gfo/Idh/MocA family oxidoreductase from Vibrio cholerae	0.157	118	85	1	102	1	118	8.857E-02	59
LOKIASV2_3341_ESMFold_chemotaxis_response_regulator_protein-glutamate_methylesterase	8gju-assembly2.cif.gz_H	LOKIASV2_3341_ESMFold_chemotaxis_response_regulator_protein-glutamate_methylesterase	8gju-assembly2.cif.gz_H Crystal structure of human methylmalonyl-CoA mutase (MMUT) in complex with methylmalonic acidemia type A protein (MMAA), coenzyme A, and GDP	0.120	123	105	2	124	561	680	1.901E-01	59
LOKIASV2_3341_ESMFold_chemotaxis_response_regulator_protein-glutamate_methylesterase	1wl8-assembly1.cif.gz_A	LOKIASV2_3341_ESMFold_chemotaxis_response_regulator_protein-glutamate_methylesterase	1wl8-assembly1.cif.gz_A Crystal structure of PH1346 protein from Pyrococcus horikoshii	0.104	93	78	3	95	2	89	3.629E-01	58
LOKIASV2_3341_ESMFold_chemotaxis_response_regulator_protein-glutamate_methylesterase	3iqe-assembly1.cif.gz_D	LOKIASV2_3341_ESMFold_chemotaxis_response_regulator_protein-glutamate_methylesterase	3iqe-assembly1.cif.gz_D Structure of F420 dependent methylene-tetrahydromethanopterin dehydrogenase in complex with methylene-tetrahydromethanopterin and coenzyme F420	0.122	145	109	3	127	5	149	8.352E-02	58
LOKIASV2_3341_ESMFold_chemotaxis_response_regulator_protein-glutamate_methylesterase	5eer-assembly1.cif.gz_A	LOKIASV2_3341_ESMFold_chemotaxis_response_regulator_protein-glutamate_methylesterase	5eer-assembly1.cif.gz_A Crystal structure of DapB from Corynebacterium glutamicum	0.117	289	210	1	289	1	239	5.936E-03	55
LOKIASV2_3341_ESMFold_chemotaxis_response_regulator_protein-glutamate_methylesterase	8gju-assembly1.cif.gz_J	LOKIASV2_3341_ESMFold_chemotaxis_response_regulator_protein-glutamate_methylesterase	8gju-assembly1.cif.gz_J Crystal structure of human methylmalonyl-CoA mutase (MMUT) in complex with methylmalonic acidemia type A protein (MMAA), coenzyme A, and GDP	0.123	137	111	2	138	562	689	3.421E-01	54
LOKIASV2_3341_ESMFold_chemotaxis_response_regulator_protein-glutamate_methylesterase	3rc7-assembly1.cif.gz_A	LOKIASV2_3341_ESMFold_chemotaxis_response_regulator_protein-glutamate_methylesterase	3rc7-assembly1.cif.gz_A Crystal Structure of the Y186F mutant of KijD10, a 3-ketoreductase from Actinomadura kijaniata in complex with TDP-benzene and NADP	0.168	119	92	2	120	3	113	7.002E-02	53
LOKIASV2_3341_ESMFold_chemotaxis_response_regulator_protein-glutamate_methylesterase	3kln-assembly4.cif.gz_D	LOKIASV2_3341_ESMFold_chemotaxis_response_regulator_protein-glutamate_methylesterase	3kln-assembly4.cif.gz_D Vibrio cholerae VpsT	0.122	125	105	2	126	4	124	6.157E-01	52
LOKIASV2_3341_ESMFold_chemotaxis_response_regulator_protein-glutamate_methylesterase	5but-assembly1.cif.gz_G	LOKIASV2_3341_ESMFold_chemotaxis_response_regulator_protein-glutamate_methylesterase	5but-assembly1.cif.gz_G Crystal structure of inactive conformation of KtrAB K+ transporter	0.103	347	235	3	349	2	264	1.520E-02	52
LOKIASV2_3341_ESMFold_chemotaxis_response_regulator_protein-glutamate_methylesterase	6ohl-assembly1.cif.gz_A	LOKIASV2_3341_ESMFold_chemotaxis_response_regulator_protein-glutamate_methylesterase	6ohl-assembly1.cif.gz_A Crystal structure of Fusobacterium nucleatum flavodoxin bound to flavin mononucleotide	0.104	163	112	1	126	1	163	1.056E-01	51
LOKIASV2_3341_ESMFold_chemotaxis_response_regulator_protein-glutamate_methylesterase	1dx9-assembly4.cif.gz_D	LOKIASV2_3341_ESMFold_chemotaxis_response_regulator_protein-glutamate_methylesterase	1dx9-assembly4.cif.gz_D W57A Apoflavodoxin from Anabaena	0.116	164	111	1	127	1	164	8.352E-02	51
LOKIASV2_3341_ESMFold_chemotaxis_response_regulator_protein-glutamate_methylesterase	3fsu-assembly1.cif.gz_C	LOKIASV2_3341_ESMFold_chemotaxis_response_regulator_protein-glutamate_methylesterase	3fsu-assembly1.cif.gz_C Crystal Structure of Escherichia coli Methylenetetrahydrofolate Reductase Double Mutant Phe223LeuGlu28Gln complexed with methyltetrahydrofolate	0.057	173	118	1	126	2	174	1.056E-01	51
LOKIASV2_3341_ESMFold_chemotaxis_response_regulator_protein-glutamate_methylesterase	1zp4-assembly1.cif.gz_B	LOKIASV2_3341_ESMFold_chemotaxis_response_regulator_protein-glutamate_methylesterase	1zp4-assembly1.cif.gz_B Glu28Gln mutant of E. coli Methylenetetrahydrofolate Reductase (oxidized) complex with Methyltetrahydrofolate	0.075	170	114	3	126	24	193	1.503E-01	51
LOKIASV2_3341_ESMFold_chemotaxis_response_regulator_protein-glutamate_methylesterase	6ld8-assembly1.cif.gz_B	LOKIASV2_3341_ESMFold_chemotaxis_response_regulator_protein-glutamate_methylesterase	6ld8-assembly1.cif.gz_B Crystal structure of cystathionine gamma synthase from Xanthomonas oryzae pv. oryzae in complex with aminoacrylate and cysteine	0.088	160	118	2	131	92	251	1.690E-01	51
LOKIASV2_3341_ESMFold_chemotaxis_response_regulator_protein-glutamate_methylesterase	4itg-assembly1.cif.gz_B	LOKIASV2_3341_ESMFold_chemotaxis_response_regulator_protein-glutamate_methylesterase	4itg-assembly1.cif.gz_B P113S mutant of E. coli Cystathionine beta-lyase MetC	0.145	100	83	2	99	99	198	6.530E-01	51
LOKIASV2_3341_ESMFold_chemotaxis_response_regulator_protein-glutamate_methylesterase	1pg8-assembly1.cif.gz_C	LOKIASV2_3341_ESMFold_chemotaxis_response_regulator_protein-glutamate_methylesterase	1pg8-assembly1.cif.gz_C Crystal Structure of L-methionine alpha-, gamma-lyase	0.116	98	86	2	99	105	202	5.806E-01	51
LOKIASV2_3341_ESMFold_chemotaxis_response_regulator_protein-glutamate_methylesterase	4gvl-assembly1.cif.gz_A	LOKIASV2_3341_ESMFold_chemotaxis_response_regulator_protein-glutamate_methylesterase	4gvl-assembly1.cif.gz_A Crystal Structure of the GsuK RCK domain	0.097	127	112	2	126	243	369	2.705E-01	51
LOKIASV2_3341_ESMFold_chemotaxis_response_regulator_protein-glutamate_methylesterase	6h9e-assembly1.cif.gz_C	LOKIASV2_3341_ESMFold_chemotaxis_response_regulator_protein-glutamate_methylesterase	6h9e-assembly1.cif.gz_C Structure of glutamate mutase reconstituted with homo-coenzyme B12	0.097	128	107	3	121	7	134	5.806E-01	49
LOKIASV2_3341_ESMFold_chemotaxis_response_regulator_protein-glutamate_methylesterase	2xhz-assembly1.cif.gz_B	LOKIASV2_3341_ESMFold_chemotaxis_response_regulator_protein-glutamate_methylesterase	2xhz-assembly1.cif.gz_B Probing the active site of the sugar isomerase domain from E. coli arabinose-5-phosphate isomerase via X-ray crystallography	0.131	130	109	1	130	41	167	2.869E-01	49
LOKIASV2_3341_ESMFold_chemotaxis_response_regulator_protein-glutamate_methylesterase	1gc0-assembly1.cif.gz_B	LOKIASV2_3341_ESMFold_chemotaxis_response_regulator_protein-glutamate_methylesterase	1gc0-assembly1.cif.gz_B CRYSTAL STRUCTURE OF THE PYRIDOXAL-5'-PHOSPHATE DEPENDENT L-METHIONINE GAMMA-LYASE FROM PSEUDOMONAS PUTIDA	0.152	98	82	2	99	81	178	5.806E-01	48
LOKIASV2_3341_ESMFold_chemotaxis_response_regulator_protein-glutamate_methylesterase	3sho-assembly1.cif.gz_B	LOKIASV2_3341_ESMFold_chemotaxis_response_regulator_protein-glutamate_methylesterase	3sho-assembly1.cif.gz_B Crystal structure of RpiR transcription factor from Sphaerobacter thermophilus (sugar isomerase domain)	0.121	132	112	3	130	39	170	2.705E-01	47
LOKIASV2_3341_ESMFold_chemotaxis_response_regulator_protein-glutamate_methylesterase	3kln-assembly1.cif.gz_A	LOKIASV2_3341_ESMFold_chemotaxis_response_regulator_protein-glutamate_methylesterase	3kln-assembly1.cif.gz_A Vibrio cholerae VpsT	0.125	180	144	2	181	5	169	3.421E-01	47
LOKIASV2_3341_ESMFold_chemotaxis_response_regulator_protein-glutamate_methylesterase	7vlb-assembly2.cif.gz_B	LOKIASV2_3341_ESMFold_chemotaxis_response_regulator_protein-glutamate_methylesterase	7vlb-assembly2.cif.gz_B Crystal structure of UGT109A1 from Bacillus	0.100	348	291	3	350	4	327	4.425E-03	47
LOKIASV2_3341_ESMFold_chemotaxis_response_regulator_protein-glutamate_methylesterase	3etn-assembly1.cif.gz_C	LOKIASV2_3341_ESMFold_chemotaxis_response_regulator_protein-glutamate_methylesterase	3etn-assembly1.cif.gz_C Crystal structure of putative phosphosugar isomerase involved in capsule formation (YP_209877.1) from Bacteroides fragilis NCTC 9343 at 1.70 A resolution	0.103	136	115	2	130	42	177	6.925E-01	46
LOKIASV2_3341_ESMFold_chemotaxis_response_regulator_protein-glutamate_methylesterase	1km6-assembly1.cif.gz_A	LOKIASV2_3341_ESMFold_chemotaxis_response_regulator_protein-glutamate_methylesterase	1km6-assembly1.cif.gz_A Crystal structure of ODCase mutant D70AK72A complexed with OMP	0.081	344	188	4	347	2	207	1.813E-02	46
LOKIASV2_3341_ESMFold_chemotaxis_response_regulator_protein-glutamate_methylesterase	3nqc-assembly1.cif.gz_A	LOKIASV2_3341_ESMFold_chemotaxis_response_regulator_protein-glutamate_methylesterase	3nqc-assembly1.cif.gz_A Crystal structure of the mutant I96S of orotidine 5'-monophosphate decarboxylase from Methanobacterium thermoautotrophicum complexed with inhibitor BMP	0.079	344	189	4	347	8	213	4.376E-02	46
LOKIASV2_3341_ESMFold_chemotaxis_response_regulator_protein-glutamate_methylesterase	1zp3-assembly2.cif.gz_C	LOKIASV2_3341_ESMFold_chemotaxis_response_regulator_protein-glutamate_methylesterase	1zp3-assembly2.cif.gz_C E. coli Methylenetetrahydrofolate Reductase (oxidized)	0.075	170	114	3	126	6	175	2.550E-01	46
LOKIASV2_3341_ESMFold_chemotaxis_response_regulator_protein-glutamate_methylesterase	4n02-assembly1.cif.gz_A	LOKIASV2_3341_ESMFold_chemotaxis_response_regulator_protein-glutamate_methylesterase	4n02-assembly1.cif.gz_A Type 2 IDI from S. pneumoniae	0.114	230	167	5	234	84	273	1.709E-02	46
LOKIASV2_3341_ESMFold_chemotaxis_response_regulator_protein-glutamate_methylesterase	6ld9-assembly1.cif.gz_A	LOKIASV2_3341_ESMFold_chemotaxis_response_regulator_protein-glutamate_methylesterase	6ld9-assembly1.cif.gz_A Crystal structure of cystathionine gamma synthase from Xanthomonas oryzae pv. oryzae in complex with cystathionine	0.089	160	118	2	131	92	251	3.421E-01	46
LOKIASV2_3341_ESMFold_chemotaxis_response_regulator_protein-glutamate_methylesterase	3esx-assembly1.cif.gz_A	LOKIASV2_3341_ESMFold_chemotaxis_response_regulator_protein-glutamate_methylesterase	3esx-assembly1.cif.gz_A E16KE61KD126KD150K Flavodoxin from Anabaena	0.117	164	111	1	127	1	164	2.016E-01	45
LOKIASV2_3341_ESMFold_chemotaxis_response_regulator_protein-glutamate_methylesterase	3fxa-assembly1.cif.gz_D	LOKIASV2_3341_ESMFold_chemotaxis_response_regulator_protein-glutamate_methylesterase	3fxa-assembly1.cif.gz_D Crystal structure of a putative sugar-phosphate isomerase (lmof2365_0531) from listeria monocytogenes str. 4b f2365 at 1.60 A resolution	0.144	135	107	1	126	45	179	7.344E-01	45
LOKIASV2_3341_ESMFold_chemotaxis_response_regulator_protein-glutamate_methylesterase	4fx8-assembly1.cif.gz_B	LOKIASV2_3341_ESMFold_chemotaxis_response_regulator_protein-glutamate_methylesterase	4fx8-assembly1.cif.gz_B Crystal structure of the mutant Q185A.R203A of orotidine 5'-monophosphate decarboxylase from Methanobacterium thermoautotrophicum complexed with inhibitor BMP	0.088	344	187	4	347	7	212	5.870E-02	45
LOKIASV2_3341_ESMFold_chemotaxis_response_regulator_protein-glutamate_methylesterase	3wk3-assembly1.cif.gz_A	LOKIASV2_3341_ESMFold_chemotaxis_response_regulator_protein-glutamate_methylesterase	3wk3-assembly1.cif.gz_A Orotidine 5'-monophosphate decarboxylase K72A mutant from M. thermoautotrophicus complexed with orotidine 5'-monophosphate ethyl ester	0.076	349	194	4	352	5	215	2.735E-02	44
LOKIASV2_3341_ESMFold_chemotaxis_response_regulator_protein-glutamate_methylesterase	4fx6-assembly1.cif.gz_M	LOKIASV2_3341_ESMFold_chemotaxis_response_regulator_protein-glutamate_methylesterase	4fx6-assembly1.cif.gz_M Crystal structure of the mutant V182A.R203A of orotidine 5'-monophosphate decarboxylase from Methanobacterium thermoautotrophicum complexed with inhibitor BMP	0.074	344	190	4	347	7	212	8.352E-02	44
LOKIASV2_3341_ESMFold_chemotaxis_response_regulator_protein-glutamate_methylesterase	3nq6-assembly1.cif.gz_B	LOKIASV2_3341_ESMFold_chemotaxis_response_regulator_protein-glutamate_methylesterase	3nq6-assembly1.cif.gz_B Crystal structure of the mutant P180A of orotidine 5'-monophosphate decarboxylase from Methanobacterium thermoautotrophicum complexed with inhibitor 6-azaUMP	0.082	344	188	4	347	7	212	6.603E-02	44
LOKIASV2_3341_ESMFold_chemotaxis_response_regulator_protein-glutamate_methylesterase	3nqg-assembly1.cif.gz_B	LOKIASV2_3341_ESMFold_chemotaxis_response_regulator_protein-glutamate_methylesterase	3nqg-assembly1.cif.gz_B Crystal structure of the mutant V155D of orotidine 5'-monophosphate decarboxylase from Methanobacterium thermoautotrophicum complexed with inhibitor BMP	0.086	344	187	4	347	7	212	5.870E-02	44
LOKIASV2_3341_ESMFold_chemotaxis_response_regulator_protein-glutamate_methylesterase	3p61-assembly1.cif.gz_B	LOKIASV2_3341_ESMFold_chemotaxis_response_regulator_protein-glutamate_methylesterase	3p61-assembly1.cif.gz_B Crystal structure of the mutant R160A of orotidine 5'-monophosphate decarboxylase from Methanobacterium thermoautotrophicum complexed with inhibitor BMP	0.083	344	188	4	347	7	212	8.352E-02	44
LOKIASV2_3341_ESMFold_chemotaxis_response_regulator_protein-glutamate_methylesterase	1pff-assembly1.cif.gz_A	LOKIASV2_3341_ESMFold_chemotaxis_response_regulator_protein-glutamate_methylesterase	1pff-assembly1.cif.gz_A Crystal Structure of Homocysteine alpha-, gamma-lyase at 1.8 Angstroms	0.139	137	105	2	124	38	174	6.925E-01	44
LOKIASV2_3341_ESMFold_chemotaxis_response_regulator_protein-glutamate_methylesterase	4l0o-assembly3.cif.gz_K-4	LOKIASV2_3341_ESMFold_chemotaxis_response_regulator_protein-glutamate_methylesterase	4l0o-assembly3.cif.gz_K-4 Structure determination of cystathionine gamma-synthase from Helicobacter pylori	0.102	138	107	2	121	88	225	5.806E-01	44
LOKIASV2_3341_ESMFold_chemotaxis_response_regulator_protein-glutamate_methylesterase	3nqa-assembly1.cif.gz_B	LOKIASV2_3341_ESMFold_chemotaxis_response_regulator_protein-glutamate_methylesterase	3nqa-assembly1.cif.gz_B Crystal structure of the mutant F100A of orotidine 5'-monophosphate decarboxylase from Methanobacterium thermoautotrophicum complexed with inhibitor BMP	0.065	344	192	4	347	7	212	3.891E-02	43
LOKIASV2_3341_ESMFold_chemotaxis_response_regulator_protein-glutamate_methylesterase	5ume-assembly2.cif.gz_B	LOKIASV2_3341_ESMFold_chemotaxis_response_regulator_protein-glutamate_methylesterase	5ume-assembly2.cif.gz_B Crystal Structure of 5,10-Methylenetetrahydrofolate Reductase MetF from Haemophilus influenzae	0.057	168	117	1	125	2	169	1.594E-01	43
LOKIASV2_3341_ESMFold_chemotaxis_response_regulator_protein-glutamate_methylesterase	2fmo-assembly1.cif.gz_C	LOKIASV2_3341_ESMFold_chemotaxis_response_regulator_protein-glutamate_methylesterase	2fmo-assembly1.cif.gz_C Ala177Val mutant of E. coli Methylenetetrahydrofolate Reductase	0.051	172	119	1	126	2	173	3.421E-01	43
LOKIASV2_3341_ESMFold_chemotaxis_response_regulator_protein-glutamate_methylesterase	7ba4-assembly1.cif.gz_D	LOKIASV2_3341_ESMFold_chemotaxis_response_regulator_protein-glutamate_methylesterase	7ba4-assembly1.cif.gz_D Structure of Cystathionine gamma-lyase from Pseudomonas aeruginosa	0.057	87	77	2	84	79	165	1.773E+00	43
LOKIASV2_3341_ESMFold_chemotaxis_response_regulator_protein-glutamate_methylesterase	1gc0-assembly1.cif.gz_C	LOKIASV2_3341_ESMFold_chemotaxis_response_regulator_protein-glutamate_methylesterase	1gc0-assembly1.cif.gz_C CRYSTAL STRUCTURE OF THE PYRIDOXAL-5'-PHOSPHATE DEPENDENT L-METHIONINE GAMMA-LYASE FROM PSEUDOMONAS PUTIDA	0.155	98	82	2	99	79	176	1.246E+00	43
LOKIASV2_3341_ESMFold_chemotaxis_response_regulator_protein-glutamate_methylesterase	8biw-assembly1.cif.gz_E	LOKIASV2_3341_ESMFold_chemotaxis_response_regulator_protein-glutamate_methylesterase	8biw-assembly1.cif.gz_E Cystathionine gamma-lyase N360S mutant in complex with DL-propargylglycine	0.131	138	103	2	121	104	241	9.852E-01	43
LOKIASV2_3341_ESMFold_chemotaxis_response_regulator_protein-glutamate_methylesterase	6y3x-assembly1.cif.gz_A	LOKIASV2_3341_ESMFold_chemotaxis_response_regulator_protein-glutamate_methylesterase	6y3x-assembly1.cif.gz_A Crystal structure of the Francisella novicida lysine decarboxylase LdcF	0.177	125	101	3	127	10	133	1.045E+00	43
LOKIASV2_3341_ESMFold_chemotaxis_response_regulator_protein-glutamate_methylesterase	7en7-assembly1.cif.gz_A	LOKIASV2_3341_ESMFold_chemotaxis_response_regulator_protein-glutamate_methylesterase	7en7-assembly1.cif.gz_A The crystal structure of Escherichia coli MurR in complex with N-acetylmuramic-acid-6-phosphate	0.144	133	108	3	129	43	175	8.760E-01	42
LOKIASV2_3341_ESMFold_chemotaxis_response_regulator_protein-glutamate_methylesterase	1los-assembly1.cif.gz_B	LOKIASV2_3341_ESMFold_chemotaxis_response_regulator_protein-glutamate_methylesterase	1los-assembly1.cif.gz_B crystal structure of orotidine monophosphate decarboxylase mutant deltaR203A complexed with 6-azaUMP	0.077	344	186	4	347	4	205	5.535E-02	42
LOKIASV2_3341_ESMFold_chemotaxis_response_regulator_protein-glutamate_methylesterase	3lty-assembly1.cif.gz_B	LOKIASV2_3341_ESMFold_chemotaxis_response_regulator_protein-glutamate_methylesterase	3lty-assembly1.cif.gz_B Crystal structure of the mutant V182A,I218A of orotidine 5'-monophosphate decarboxylase from Methanobacterium thermoautotrophicum complexed with inhibitor BMP	0.071	344	190	4	347	6	211	4.126E-02	42
LOKIASV2_3341_ESMFold_chemotaxis_response_regulator_protein-glutamate_methylesterase	1b5t-assembly1.cif.gz_C	LOKIASV2_3341_ESMFold_chemotaxis_response_regulator_protein-glutamate_methylesterase	1b5t-assembly1.cif.gz_C ESCHERICHIA COLI METHYLENETETRAHYDROFOLATE REDUCTASE	0.073	173	116	1	126	2	174	3.226E-01	42
LOKIASV2_3341_ESMFold_chemotaxis_response_regulator_protein-glutamate_methylesterase	4l0o-assembly2.cif.gz_M-2	LOKIASV2_3341_ESMFold_chemotaxis_response_regulator_protein-glutamate_methylesterase	4l0o-assembly2.cif.gz_M-2 Structure determination of cystathionine gamma-synthase from Helicobacter pylori	0.117	138	105	2	121	86	223	7.344E-01	42
LOKIASV2_3341_ESMFold_chemotaxis_response_regulator_protein-glutamate_methylesterase	2nmp-assembly1.cif.gz_B	LOKIASV2_3341_ESMFold_chemotaxis_response_regulator_protein-glutamate_methylesterase	2nmp-assembly1.cif.gz_B Crystal structure of human Cystathionine gamma lyase	0.074	139	110	2	121	96	234	6.530E-01	42
LOKIASV2_3341_ESMFold_chemotaxis_response_regulator_protein-glutamate_methylesterase	5x2y-assembly1.cif.gz_D	LOKIASV2_3341_ESMFold_chemotaxis_response_regulator_protein-glutamate_methylesterase	5x2y-assembly1.cif.gz_D Crystal structure of Pseudomonas putida methionine gamma-lyase C116H mutant without sulfate ion	0.116	98	86	2	99	103	200	1.773E+00	42
LOKIASV2_3341_ESMFold_chemotaxis_response_regulator_protein-glutamate_methylesterase	8eqw-assembly1.cif.gz_A	LOKIASV2_3341_ESMFold_chemotaxis_response_regulator_protein-glutamate_methylesterase	8eqw-assembly1.cif.gz_A Crystal structure of Fub7	0.113	100	87	2	100	99	198	1.880E+00	42
LOKIASV2_3341_ESMFold_chemotaxis_response_regulator_protein-glutamate_methylesterase	3qp9-assembly4.cif.gz_D	LOKIASV2_3341_ESMFold_chemotaxis_response_regulator_protein-glutamate_methylesterase	3qp9-assembly4.cif.gz_D The Structure of a C2-type Ketoreductase from a Modular Polyketide Synthase	0.099	407	312	3	349	17	423	2.039E-02	42
LOKIASV2_3341_ESMFold_chemotaxis_response_regulator_protein-glutamate_methylesterase	6j1f-assembly2.cif.gz_B	LOKIASV2_3341_ESMFold_chemotaxis_response_regulator_protein-glutamate_methylesterase	6j1f-assembly2.cif.gz_B Crystal structure of HypX from Aquifex aeolicus in complex with Tetrahydrofolic acid	0.115	92	80	1	92	1	91	1.322E+00	42
LOKIASV2_3341_ESMFold_chemotaxis_response_regulator_protein-glutamate_methylesterase	1lsu-assembly2.cif.gz_B	LOKIASV2_3341_ESMFold_chemotaxis_response_regulator_protein-glutamate_methylesterase	1lsu-assembly2.cif.gz_B KTN Bsu222 Crystal Structure in Complex with NADH	0.120	132	107	3	125	2	133	1.322E+00	41
LOKIASV2_3341_ESMFold_chemotaxis_response_regulator_protein-glutamate_methylesterase	4gc4-assembly1.cif.gz_B	LOKIASV2_3341_ESMFold_chemotaxis_response_regulator_protein-glutamate_methylesterase	4gc4-assembly1.cif.gz_B Crystal structure of the mutant R160A.R203A of orotidine 5'-monophosphate decarboxylase from Methanobacterium thermoautotrophicum complexed with inhibitor BMP	0.076	347	192	4	350	10	218	5.220E-02	41
LOKIASV2_3341_ESMFold_chemotaxis_response_regulator_protein-glutamate_methylesterase	1j5x-assembly1.cif.gz_A	LOKIASV2_3341_ESMFold_chemotaxis_response_regulator_protein-glutamate_methylesterase	1j5x-assembly1.cif.gz_A Crystal structure of Glucosamine-6-phosphate deaminase (TM0813) from Thermotoga maritima at 1.8 A resolution	0.131	236	184	1	213	29	264	8.352E-02	41
LOKIASV2_3341_ESMFold_chemotaxis_response_regulator_protein-glutamate_methylesterase	3dfy-assembly2.cif.gz_J	LOKIASV2_3341_ESMFold_chemotaxis_response_regulator_protein-glutamate_methylesterase	3dfy-assembly2.cif.gz_J Crystal structure of apo dipeptide epimerase from Thermotoga maritima	0.161	119	85	2	120	119	220	7.789E-01	41
LOKIASV2_3341_ESMFold_chemotaxis_response_regulator_protein-glutamate_methylesterase	1klz-assembly1.cif.gz_A	LOKIASV2_3341_ESMFold_chemotaxis_response_regulator_protein-glutamate_methylesterase	1klz-assembly1.cif.gz_A Crystal structure of orotidine monophosphate decarboxylase mutant D70A complexed with UMP	0.081	344	188	4	347	2	207	5.220E-02	40
LOKIASV2_3341_ESMFold_chemotaxis_response_regulator_protein-glutamate_methylesterase	3lts-assembly1.cif.gz_B	LOKIASV2_3341_ESMFold_chemotaxis_response_regulator_protein-glutamate_methylesterase	3lts-assembly1.cif.gz_B Crystal structure of the mutant V182A,I199A of orotidine 5'-monophosphate decarboxylase from Methanobacterium thermoautotrophicum complexed with inhibitor BMP	0.065	344	192	4	347	7	212	7.426E-02	40
LOKIASV2_3341_ESMFold_chemotaxis_response_regulator_protein-glutamate_methylesterase	1yl5-assembly1.cif.gz_A	LOKIASV2_3341_ESMFold_chemotaxis_response_regulator_protein-glutamate_methylesterase	1yl5-assembly1.cif.gz_A Crystal structure of Mycobacterium tuberculosis dihydrodipicolinate reductase (RV2773C) (crystal form A)	0.104	173	127	1	143	2	174	3.421E-01	40
LOKIASV2_3341_ESMFold_chemotaxis_response_regulator_protein-glutamate_methylesterase	2fmo-assembly1.cif.gz_A	LOKIASV2_3341_ESMFold_chemotaxis_response_regulator_protein-glutamate_methylesterase	2fmo-assembly1.cif.gz_A Ala177Val mutant of E. coli Methylenetetrahydrofolate Reductase	0.052	169	119	1	126	1	169	5.475E-01	40
LOKIASV2_3341_ESMFold_chemotaxis_response_regulator_protein-glutamate_methylesterase	4n18-assembly1.cif.gz_A-2	LOKIASV2_3341_ESMFold_chemotaxis_response_regulator_protein-glutamate_methylesterase	4n18-assembly1.cif.gz_A-2 Crystal structure of D-isomer specific 2-hydroxyacid dehydrogenase family protein from Klebsiella pneumoniae 342	0.093	346	258	2	347	7	292	1.922E-02	40
LOKIASV2_3341_ESMFold_chemotaxis_response_regulator_protein-glutamate_methylesterase	3ri6-assembly1.cif.gz_B-2	LOKIASV2_3341_ESMFold_chemotaxis_response_regulator_protein-glutamate_methylesterase	3ri6-assembly1.cif.gz_B-2 A Novel Mechanism of Sulfur Transfer Catalyzed by O-Acetylhomoserine Sulfhydrylase in Methionine Biosynthetic Pathway of Wolinella succinogenes	0.111	86	73	2	84	53	138	1.246E+00	40
LOKIASV2_3341_ESMFold_chemotaxis_response_regulator_protein-glutamate_methylesterase	8biu-assembly1.cif.gz_G-2	LOKIASV2_3341_ESMFold_chemotaxis_response_regulator_protein-glutamate_methylesterase	8biu-assembly1.cif.gz_G-2 Cystathionine gamma-lyase in complex with cystathionine	0.125	160	113	2	131	103	262	6.157E-01	40
LOKIASV2_3341_ESMFold_chemotaxis_response_regulator_protein-glutamate_methylesterase	4oc9-assembly2.cif.gz_O	LOKIASV2_3341_ESMFold_chemotaxis_response_regulator_protein-glutamate_methylesterase	4oc9-assembly2.cif.gz_O 2.35 Angstrom resolution crystal structure of putative O-acetylhomoserine (thiol)-lyase (metY) from Campylobacter jejuni subsp. jejuni NCTC 11168 with N'-Pyridoxyl-Lysine-5'-Monophosphate at position 205	0.114	84	71	2	82	98	181	2.243E+00	40
LOKIASV2_3341_ESMFold_chemotaxis_response_regulator_protein-glutamate_methylesterase	4oc9-assembly3.cif.gz_K	LOKIASV2_3341_ESMFold_chemotaxis_response_regulator_protein-glutamate_methylesterase	4oc9-assembly3.cif.gz_K 2.35 Angstrom resolution crystal structure of putative O-acetylhomoserine (thiol)-lyase (metY) from Campylobacter jejuni subsp. jejuni NCTC 11168 with N'-Pyridoxyl-Lysine-5'-Monophosphate at position 205	0.114	84	71	2	82	98	181	2.243E+00	40
LOKIASV2_3341_ESMFold_chemotaxis_response_regulator_protein-glutamate_methylesterase	4wau-assembly1.cif.gz_A	LOKIASV2_3341_ESMFold_chemotaxis_response_regulator_protein-glutamate_methylesterase	4wau-assembly1.cif.gz_A Crystal structure of CENP-M solved by native-SAD phasing	0.141	130	94	1	130	1	110	1.120E-01	39
LOKIASV2_3341_ESMFold_chemotaxis_response_regulator_protein-glutamate_methylesterase	1los-assembly2.cif.gz_C	LOKIASV2_3341_ESMFold_chemotaxis_response_regulator_protein-glutamate_methylesterase	1los-assembly2.cif.gz_C crystal structure of orotidine monophosphate decarboxylase mutant deltaR203A complexed with 6-azaUMP	0.095	336	166	1	336	1	184	2.405E-01	39
LOKIASV2_3341_ESMFold_chemotaxis_response_regulator_protein-glutamate_methylesterase	3lv6-assembly1.cif.gz_B	LOKIASV2_3341_ESMFold_chemotaxis_response_regulator_protein-glutamate_methylesterase	3lv6-assembly1.cif.gz_B Crystal structure of the mutant I218F of orotidine 5'-monophosphate decarboxylase from Methanobacterium thermoautotrophicum complexed with inhibitor BMP	0.068	349	196	4	352	7	217	8.352E-02	39
LOKIASV2_3341_ESMFold_chemotaxis_response_regulator_protein-glutamate_methylesterase	2vws-assembly1.cif.gz_A	LOKIASV2_3341_ESMFold_chemotaxis_response_regulator_protein-glutamate_methylesterase	2vws-assembly1.cif.gz_A Crystal structure of YfaU, a metal ion dependent class II aldolase from Escherichia coli K12	0.082	350	218	2	351	19	256	4.922E-02	39
LOKIASV2_3341_ESMFold_chemotaxis_response_regulator_protein-glutamate_methylesterase	1yxm-assembly1.cif.gz_D	LOKIASV2_3341_ESMFold_chemotaxis_response_regulator_protein-glutamate_methylesterase	1yxm-assembly1.cif.gz_D Crystal structure of peroxisomal trans 2-enoyl CoA reductase	0.140	170	130	160	329	10	161	2.705E-01	39
LOKIASV2_3341_ESMFold_chemotaxis_response_regulator_protein-glutamate_methylesterase	7mcb-assembly1.cif.gz_H	LOKIASV2_3341_ESMFold_chemotaxis_response_regulator_protein-glutamate_methylesterase	7mcb-assembly1.cif.gz_H Crystal structure of Staphylococcus aureus Cystathionine gamma lyase Holoenzyme	0.062	138	111	3	121	90	227	8.260E-01	39
LOKIASV2_3341_ESMFold_chemotaxis_response_regulator_protein-glutamate_methylesterase	5x2y-assembly1.cif.gz_C	LOKIASV2_3341_ESMFold_chemotaxis_response_regulator_protein-glutamate_methylesterase	5x2y-assembly1.cif.gz_C Crystal structure of Pseudomonas putida methionine gamma-lyase C116H mutant without sulfate ion	0.116	85	71	3	83	99	183	1.672E+00	39
LOKIASV2_3341_ESMFold_chemotaxis_response_regulator_protein-glutamate_methylesterase	5x5h-assembly1.cif.gz_A	LOKIASV2_3341_ESMFold_chemotaxis_response_regulator_protein-glutamate_methylesterase	5x5h-assembly1.cif.gz_A Crystal structure of metB from Corynebacterium glutamicum	0.117	138	105	2	121	96	233	9.852E-01	39
LOKIASV2_3341_ESMFold_chemotaxis_response_regulator_protein-glutamate_methylesterase	2nmp-assembly1.cif.gz_D	LOKIASV2_3341_ESMFold_chemotaxis_response_regulator_protein-glutamate_methylesterase	2nmp-assembly1.cif.gz_D Crystal structure of human Cystathionine gamma lyase	0.068	139	111	2	121	96	234	9.852E-01	39
LOKIASV2_3341_ESMFold_chemotaxis_response_regulator_protein-glutamate_methylesterase	4oc9-assembly4.cif.gz_I	LOKIASV2_3341_ESMFold_chemotaxis_response_regulator_protein-glutamate_methylesterase	4oc9-assembly4.cif.gz_I 2.35 Angstrom resolution crystal structure of putative O-acetylhomoserine (thiol)-lyase (metY) from Campylobacter jejuni subsp. jejuni NCTC 11168 with N'-Pyridoxyl-Lysine-5'-Monophosphate at position 205	0.114	84	71	2	82	98	181	2.243E+00	39
LOKIASV2_3341_ESMFold_chemotaxis_response_regulator_protein-glutamate_methylesterase	4oc9-assembly4.cif.gz_J	LOKIASV2_3341_ESMFold_chemotaxis_response_regulator_protein-glutamate_methylesterase	4oc9-assembly4.cif.gz_J 2.35 Angstrom resolution crystal structure of putative O-acetylhomoserine (thiol)-lyase (metY) from Campylobacter jejuni subsp. jejuni NCTC 11168 with N'-Pyridoxyl-Lysine-5'-Monophosphate at position 205	0.114	84	71	2	82	98	181	2.243E+00	39
LOKIASV2_3341_ESMFold_chemotaxis_response_regulator_protein-glutamate_methylesterase	8eqw-assembly1.cif.gz_G	LOKIASV2_3341_ESMFold_chemotaxis_response_regulator_protein-glutamate_methylesterase	8eqw-assembly1.cif.gz_G Crystal structure of Fub7	0.121	100	86	2	100	99	198	2.378E+00	39
LOKIASV2_3341_ESMFold_chemotaxis_response_regulator_protein-glutamate_methylesterase	1ccw-assembly1.cif.gz_C	LOKIASV2_3341_ESMFold_chemotaxis_response_regulator_protein-glutamate_methylesterase	1ccw-assembly1.cif.gz_C STRUCTURE OF THE COENZYME B12 DEPENDENT ENZYME GLUTAMATE MUTASE FROM CLOSTRIDIUM COCHLEARIUM	0.118	131	105	2	121	4	134	1.108E+00	38
LOKIASV2_3341_ESMFold_chemotaxis_response_regulator_protein-glutamate_methylesterase	4ohb-assembly1.cif.gz_A	LOKIASV2_3341_ESMFold_chemotaxis_response_regulator_protein-glutamate_methylesterase	4ohb-assembly1.cif.gz_A Crystal structure of MilB E103A in complex with 5-hydroxymethylcytidine 5'-monophosphate (hmCMP) from Streptomyces rimofaciens	0.125	144	112	2	130	3	146	6.925E-01	38
LOKIASV2_3341_ESMFold_chemotaxis_response_regulator_protein-glutamate_methylesterase	3nq7-assembly1.cif.gz_B	LOKIASV2_3341_ESMFold_chemotaxis_response_regulator_protein-glutamate_methylesterase	3nq7-assembly1.cif.gz_B Crystal structure of the mutant F71A of orotidine 5'-monophosphate decarboxylase from Methanobacterium thermoautotrophicum complexed with inhibitor BMP	0.071	344	190	4	347	7	212	9.393E-02	38
LOKIASV2_3341_ESMFold_chemotaxis_response_regulator_protein-glutamate_methylesterase	3nqe-assembly1.cif.gz_A	LOKIASV2_3341_ESMFold_chemotaxis_response_regulator_protein-glutamate_methylesterase	3nqe-assembly1.cif.gz_A Crystal structure of the mutant L123N of orotidine 5'-monophosphate decarboxylase from Methanobacterium thermoautotrophicum complexed with inhibitor BMP	0.076	344	189	4	347	8	213	2.016E-01	38
LOKIASV2_3341_ESMFold_chemotaxis_response_regulator_protein-glutamate_methylesterase	4lw7-assembly1.cif.gz_B	LOKIASV2_3341_ESMFold_chemotaxis_response_regulator_protein-glutamate_methylesterase	4lw7-assembly1.cif.gz_B Crystal structure of the mutant H128S of orotidine 5'-monophosphate decarboxylase from Methanobacterium thermoautotrophicum complexed with the inhibitor BMP	0.071	344	190	4	347	9	214	7.875E-02	38
LOKIASV2_3341_ESMFold_chemotaxis_response_regulator_protein-glutamate_methylesterase	4rxf-assembly1.cif.gz_C	LOKIASV2_3341_ESMFold_chemotaxis_response_regulator_protein-glutamate_methylesterase	4rxf-assembly1.cif.gz_C Fructose-6-phosphate aldolase Y131F from E.coli	0.115	130	90	2	104	1	130	5.806E-01	38
LOKIASV2_3341_ESMFold_chemotaxis_response_regulator_protein-glutamate_methylesterase	6yre-assembly1.cif.gz_C	LOKIASV2_3341_ESMFold_chemotaxis_response_regulator_protein-glutamate_methylesterase	6yre-assembly1.cif.gz_C Transaldolase variant T30C/D211C from T. acidophilum	0.115	157	109	3	126	2	158	5.475E-01	38
LOKIASV2_3341_ESMFold_chemotaxis_response_regulator_protein-glutamate_methylesterase	7rml-assembly1.cif.gz_A-4	LOKIASV2_3341_ESMFold_chemotaxis_response_regulator_protein-glutamate_methylesterase	7rml-assembly1.cif.gz_A-4 Neisseria meningitidis Methylenetetrahydrofolate reductase in complex with FAD	0.070	165	114	3	126	23	187	3.629E-01	38
LOKIASV2_3341_ESMFold_chemotaxis_response_regulator_protein-glutamate_methylesterase	4i8x-assembly1.cif.gz_A	LOKIASV2_3341_ESMFold_chemotaxis_response_regulator_protein-glutamate_methylesterase	4i8x-assembly1.cif.gz_A Crystal structure of rabbit LDHA in complex with AP27460	0.088	169	110	150	318	8	129	2.016E-01	38
LOKIASV2_3341_ESMFold_chemotaxis_response_regulator_protein-glutamate_methylesterase	1gc2-assembly1.cif.gz_D	LOKIASV2_3341_ESMFold_chemotaxis_response_regulator_protein-glutamate_methylesterase	1gc2-assembly1.cif.gz_D CRYSTAL STRUCTURE OF THE PYRIDOXAL-5'-PHOSPHATE DEPENDENT L-METHIONINE GAMMA-LYASE FROM PSEUDOMONAS PUTIDA	0.152	98	82	2	99	77	174	2.115E+00	38
LOKIASV2_3341_ESMFold_chemotaxis_response_regulator_protein-glutamate_methylesterase	1gc2-assembly1.cif.gz_C	LOKIASV2_3341_ESMFold_chemotaxis_response_regulator_protein-glutamate_methylesterase	1gc2-assembly1.cif.gz_C CRYSTAL STRUCTURE OF THE PYRIDOXAL-5'-PHOSPHATE DEPENDENT L-METHIONINE GAMMA-LYASE FROM PSEUDOMONAS PUTIDA	0.153	98	81	3	99	82	179	1.773E+00	38
LOKIASV2_3341_ESMFold_chemotaxis_response_regulator_protein-glutamate_methylesterase	1cs1-assembly1.cif.gz_D	LOKIASV2_3341_ESMFold_chemotaxis_response_regulator_protein-glutamate_methylesterase	1cs1-assembly1.cif.gz_D CYSTATHIONINE GAMMA-SYNTHASE (CGS) FROM ESCHERICHIA COLI	0.102	160	115	3	131	90	249	6.925E-01	38
LOKIASV2_3341_ESMFold_chemotaxis_response_regulator_protein-glutamate_methylesterase	6ovg-assembly1.cif.gz_D	LOKIASV2_3341_ESMFold_chemotaxis_response_regulator_protein-glutamate_methylesterase	6ovg-assembly1.cif.gz_D L-Methionine Depletion with an Engineered Human Enzyme Disrupts Prostate Cancer Metabolism	0.069	139	111	2	121	95	233	1.486E+00	38
LOKIASV2_3341_ESMFold_chemotaxis_response_regulator_protein-glutamate_methylesterase	6lxu-assembly1.cif.gz_A	LOKIASV2_3341_ESMFold_chemotaxis_response_regulator_protein-glutamate_methylesterase	6lxu-assembly1.cif.gz_A Crystal structure of methionine gamma-lyase from Fusobacterium nucleatum	0.190	143	102	3	129	98	240	1.175E+00	38
LOKIASV2_3341_ESMFold_chemotaxis_response_regulator_protein-glutamate_methylesterase	1cl1-assembly1.cif.gz_B	LOKIASV2_3341_ESMFold_chemotaxis_response_regulator_protein-glutamate_methylesterase	1cl1-assembly1.cif.gz_B CYSTATHIONINE BETA-LYASE (CBL) FROM ESCHERICHIA COLI	0.144	100	83	2	99	99	198	1.246E+00	38
LOKIASV2_3341_ESMFold_chemotaxis_response_regulator_protein-glutamate_methylesterase	4oc9-assembly2.cif.gz_P	LOKIASV2_3341_ESMFold_chemotaxis_response_regulator_protein-glutamate_methylesterase	4oc9-assembly2.cif.gz_P 2.35 Angstrom resolution crystal structure of putative O-acetylhomoserine (thiol)-lyase (metY) from Campylobacter jejuni subsp. jejuni NCTC 11168 with N'-Pyridoxyl-Lysine-5'-Monophosphate at position 205	0.114	84	71	2	82	98	181	2.522E+00	38
LOKIASV2_3341_ESMFold_chemotaxis_response_regulator_protein-glutamate_methylesterase	5y2w-assembly1.cif.gz_A-2	LOKIASV2_3341_ESMFold_chemotaxis_response_regulator_protein-glutamate_methylesterase	5y2w-assembly1.cif.gz_A-2 Structure of Synechocystis PCC6803 CcmR regulatory domain in complex with 2-PG	0.142	49	40	2	49	4	52	8.760E-01	37
LOKIASV2_3341_ESMFold_chemotaxis_response_regulator_protein-glutamate_methylesterase	1km0-assembly1.cif.gz_B	LOKIASV2_3341_ESMFold_chemotaxis_response_regulator_protein-glutamate_methylesterase	1km0-assembly1.cif.gz_B Crystal structure of orotidine monophosphate decarboxylase mutant D70N complexed with 6-azaUMP	0.072	347	193	1	347	2	210	1.260E-01	37
LOKIASV2_3341_ESMFold_chemotaxis_response_regulator_protein-glutamate_methylesterase	3llf-assembly1.cif.gz_B	LOKIASV2_3341_ESMFold_chemotaxis_response_regulator_protein-glutamate_methylesterase	3llf-assembly1.cif.gz_B Crystal structure of the mutant S127P of orotidine 5'-monophosphate decarboxylase from Methanobacterium thermoautotrophicum complexed with 6-azauridine 5'-monophosphate	0.068	344	191	4	347	9	214	1.056E-01	37
LOKIASV2_3341_ESMFold_chemotaxis_response_regulator_protein-glutamate_methylesterase	1b3o-assembly1.cif.gz_A	LOKIASV2_3341_ESMFold_chemotaxis_response_regulator_protein-glutamate_methylesterase	1b3o-assembly1.cif.gz_A TERNARY COMPLEX OF HUMAN TYPE-II INOSINE MONOPHOSPHATE DEHYDROGENASE WITH 6-CL-IMP AND SELENAZOLE ADENINE DINUCLEOTIDE	0.149	155	110	1	130	136	290	5.162E-01	37
LOKIASV2_3341_ESMFold_chemotaxis_response_regulator_protein-glutamate_methylesterase	1xdw-assembly1.cif.gz_A	LOKIASV2_3341_ESMFold_chemotaxis_response_regulator_protein-glutamate_methylesterase	1xdw-assembly1.cif.gz_A NAD+-dependent (R)-2-Hydroxyglutarate Dehydrogenase from Acidaminococcus fermentans	0.123	293	249	3	287	2	294	4.641E-02	37
LOKIASV2_3341_ESMFold_chemotaxis_response_regulator_protein-glutamate_methylesterase	4my1-assembly2.cif.gz_F	LOKIASV2_3341_ESMFold_chemotaxis_response_regulator_protein-glutamate_methylesterase	4my1-assembly2.cif.gz_F Crystal Structure of the Inosine 5'-monophosphate Dehydrogenase, with a Internal Deletion of CBS Domain from Bacillus anthracis str. Ames complexed with P68	0.105	123	90	5	127	52	152	2.243E+00	37
LOKIASV2_3341_ESMFold_chemotaxis_response_regulator_protein-glutamate_methylesterase	1gc0-assembly1.cif.gz_D	LOKIASV2_3341_ESMFold_chemotaxis_response_regulator_protein-glutamate_methylesterase	1gc0-assembly1.cif.gz_D CRYSTAL STRUCTURE OF THE PYRIDOXAL-5'-PHOSPHATE DEPENDENT L-METHIONINE GAMMA-LYASE FROM PSEUDOMONAS PUTIDA	0.114	98	86	2	99	78	175	2.675E+00	37
LOKIASV2_3341_ESMFold_chemotaxis_response_regulator_protein-glutamate_methylesterase	4l0o-assembly2.cif.gz_H	LOKIASV2_3341_ESMFold_chemotaxis_response_regulator_protein-glutamate_methylesterase	4l0o-assembly2.cif.gz_H Structure determination of cystathionine gamma-synthase from Helicobacter pylori	0.110	138	106	2	121	83	220	1.773E+00	37
LOKIASV2_3341_ESMFold_chemotaxis_response_regulator_protein-glutamate_methylesterase	7md1-assembly1.cif.gz_H	LOKIASV2_3341_ESMFold_chemotaxis_response_regulator_protein-glutamate_methylesterase	7md1-assembly1.cif.gz_H Crystal structure of Staphylococcus aureus cystathionine gamma lyase holoenzyme Y103N mutant	0.058	85	75	3	83	90	174	1.994E+00	37
LOKIASV2_3341_ESMFold_chemotaxis_response_regulator_protein-glutamate_methylesterase	1b3o-assembly2.cif.gz_B	LOKIASV2_3341_ESMFold_chemotaxis_response_regulator_protein-glutamate_methylesterase	1b3o-assembly2.cif.gz_B TERNARY COMPLEX OF HUMAN TYPE-II INOSINE MONOPHOSPHATE DEHYDROGENASE WITH 6-CL-IMP AND SELENAZOLE ADENINE DINUCLEOTIDE	0.132	168	112	1	130	229	396	3.226E-01	37
LOKIASV2_3341_ESMFold_chemotaxis_response_regulator_protein-glutamate_methylesterase	4oc9-assembly1.cif.gz_A	LOKIASV2_3341_ESMFold_chemotaxis_response_regulator_protein-glutamate_methylesterase	4oc9-assembly1.cif.gz_A 2.35 Angstrom resolution crystal structure of putative O-acetylhomoserine (thiol)-lyase (metY) from Campylobacter jejuni subsp. jejuni NCTC 11168 with N'-Pyridoxyl-Lysine-5'-Monophosphate at position 205	0.114	84	71	2	82	97	180	3.191E+00	37
LOKIASV2_3341_ESMFold_chemotaxis_response_regulator_protein-glutamate_methylesterase	4oc9-assembly2.cif.gz_B	LOKIASV2_3341_ESMFold_chemotaxis_response_regulator_protein-glutamate_methylesterase	4oc9-assembly2.cif.gz_B 2.35 Angstrom resolution crystal structure of putative O-acetylhomoserine (thiol)-lyase (metY) from Campylobacter jejuni subsp. jejuni NCTC 11168 with N'-Pyridoxyl-Lysine-5'-Monophosphate at position 205	0.114	84	71	2	82	98	181	3.191E+00	37
LOKIASV2_3341_ESMFold_chemotaxis_response_regulator_protein-glutamate_methylesterase	3vcr-assembly1.cif.gz_A	LOKIASV2_3341_ESMFold_chemotaxis_response_regulator_protein-glutamate_methylesterase	3vcr-assembly1.cif.gz_A Crystal structure of a putative Kdpg (2-keto-3-deoxy-6-phosphogluconate) aldolase from Oleispira antarctica	0.145	119	82	2	120	11	107	9.290E-01	36
LOKIASV2_3341_ESMFold_chemotaxis_response_regulator_protein-glutamate_methylesterase	3lv5-assembly1.cif.gz_B	LOKIASV2_3341_ESMFold_chemotaxis_response_regulator_protein-glutamate_methylesterase	3lv5-assembly1.cif.gz_B Crystal structure of the mutant I199E of orotidine 5'-monophosphate decarboxylase from Methanobacterium thermoautotrophicum complexed with inhibitor BMP	0.067	349	196	4	352	7	217	1.120E-01	36
LOKIASV2_3341_ESMFold_chemotaxis_response_regulator_protein-glutamate_methylesterase	3m1z-assembly1.cif.gz_B	LOKIASV2_3341_ESMFold_chemotaxis_response_regulator_protein-glutamate_methylesterase	3m1z-assembly1.cif.gz_B Crystal structure of the mutant V182A.V201A of orotidine 5'-monophosphate decarboxylase from Methanobacterium thermoautotrophicum complexed with inhibitor BMP	0.067	349	196	4	352	7	217	1.417E-01	36
LOKIASV2_3341_ESMFold_chemotaxis_response_regulator_protein-glutamate_methylesterase	3s1w-assembly1.cif.gz_A	LOKIASV2_3341_ESMFold_chemotaxis_response_regulator_protein-glutamate_methylesterase	3s1w-assembly1.cif.gz_A Transaldolase variant Lys86Ala from Thermoplasma acidophilum in complex with glycerol and citrate	0.121	157	108	3	126	2	158	6.157E-01	36
LOKIASV2_3341_ESMFold_chemotaxis_response_regulator_protein-glutamate_methylesterase	1c3v-assembly1.cif.gz_A	LOKIASV2_3341_ESMFold_chemotaxis_response_regulator_protein-glutamate_methylesterase	1c3v-assembly1.cif.gz_A DIHYDRODIPICOLINATE REDUCTASE FROM MYCOBACTERIUM TUBERCULOSIS COMPLEXED WITH NADPH AND PDC	0.068	171	130	3	143	2	172	2.705E-01	36
LOKIASV2_3341_ESMFold_chemotaxis_response_regulator_protein-glutamate_methylesterase	1ll0-assembly1.cif.gz_B	LOKIASV2_3341_ESMFold_chemotaxis_response_regulator_protein-glutamate_methylesterase	1ll0-assembly1.cif.gz_B Crystal Structure of Rabbit Muscle Glycogenin	0.093	80	58	155	234	3	67	3.421E-01	36
LOKIASV2_3341_ESMFold_chemotaxis_response_regulator_protein-glutamate_methylesterase	1x9i-assembly1.cif.gz_A	LOKIASV2_3341_ESMFold_chemotaxis_response_regulator_protein-glutamate_methylesterase	1x9i-assembly1.cif.gz_A Crystal structure of Crystal structure of phosphoglucose/phosphomannose phosphoglucose/phosphomannoseisomerase from Pyrobaculum aerophilum in complex with glucose 6-phosphate	0.115	235	197	1	235	36	259	1.594E-01	36
LOKIASV2_3341_ESMFold_chemotaxis_response_regulator_protein-glutamate_methylesterase	3hba-assembly1.cif.gz_A	LOKIASV2_3341_ESMFold_chemotaxis_response_regulator_protein-glutamate_methylesterase	3hba-assembly1.cif.gz_A Crystal structure of a putative phosphosugar isomerase (sden_2705) from shewanella denitrificans os217 at 2.00 A resolution	0.098	227	190	2	213	43	269	7.426E-02	36
LOKIASV2_3341_ESMFold_chemotaxis_response_regulator_protein-glutamate_methylesterase	4l0o-assembly2.cif.gz_E	LOKIASV2_3341_ESMFold_chemotaxis_response_regulator_protein-glutamate_methylesterase	4l0o-assembly2.cif.gz_E Structure determination of cystathionine gamma-synthase from Helicobacter pylori	0.104	138	107	2	121	85	222	1.994E+00	36
LOKIASV2_3341_ESMFold_chemotaxis_response_regulator_protein-glutamate_methylesterase	5tsu-assembly2.cif.gz_F	LOKIASV2_3341_ESMFold_chemotaxis_response_regulator_protein-glutamate_methylesterase	5tsu-assembly2.cif.gz_F Active conformation for Engineered human cystathionine gamma lyase (E59N, R119L, E339V) to depleting methionine	0.082	139	109	2	121	91	229	1.880E+00	36
LOKIASV2_3341_ESMFold_chemotaxis_response_regulator_protein-glutamate_methylesterase	8eqw-assembly3.cif.gz_E	LOKIASV2_3341_ESMFold_chemotaxis_response_regulator_protein-glutamate_methylesterase	8eqw-assembly3.cif.gz_E Crystal structure of Fub7	0.096	99	88	2	99	98	196	3.384E+00	36
LOKIASV2_3341_ESMFold_chemotaxis_response_regulator_protein-glutamate_methylesterase	6s5o-assembly2.cif.gz_F-2	LOKIASV2_3341_ESMFold_chemotaxis_response_regulator_protein-glutamate_methylesterase	6s5o-assembly2.cif.gz_F-2 Non-square conformations of KtrA E125Q mutant rings with bound ADP	0.118	129	108	4	126	2	130	1.994E+00	35
LOKIASV2_3341_ESMFold_chemotaxis_response_regulator_protein-glutamate_methylesterase	1km0-assembly2.cif.gz_C	LOKIASV2_3341_ESMFold_chemotaxis_response_regulator_protein-glutamate_methylesterase	1km0-assembly2.cif.gz_C Crystal structure of orotidine monophosphate decarboxylase mutant D70N complexed with 6-azaUMP	0.088	350	196	4	353	7	222	1.336E-01	35
LOKIASV2_3341_ESMFold_chemotaxis_response_regulator_protein-glutamate_methylesterase	1zpt-assembly1.cif.gz_B	LOKIASV2_3341_ESMFold_chemotaxis_response_regulator_protein-glutamate_methylesterase	1zpt-assembly1.cif.gz_B Escherichia coli Methylenetetrahydrofolate Reductase (reduced) complexed with NADH, pH 7.25	0.062	173	117	1	126	21	193	1.108E+00	35
LOKIASV2_3341_ESMFold_chemotaxis_response_regulator_protein-glutamate_methylesterase	2v65-assembly2.cif.gz_B	LOKIASV2_3341_ESMFold_chemotaxis_response_regulator_protein-glutamate_methylesterase	2v65-assembly2.cif.gz_B Apo LDH from the psychrophile C. gunnari	0.117	176	117	143	318	1	133	3.629E-01	35
LOKIASV2_3341_ESMFold_chemotaxis_response_regulator_protein-glutamate_methylesterase	2v65-assembly1.cif.gz_A	LOKIASV2_3341_ESMFold_chemotaxis_response_regulator_protein-glutamate_methylesterase	2v65-assembly1.cif.gz_A Apo LDH from the psychrophile C. gunnari	0.115	176	118	143	318	1	134	2.550E-01	35
LOKIASV2_3341_ESMFold_chemotaxis_response_regulator_protein-glutamate_methylesterase	4x3z-assembly1.cif.gz_A	LOKIASV2_3341_ESMFold_chemotaxis_response_regulator_protein-glutamate_methylesterase	4x3z-assembly1.cif.gz_A Inosine 5'-monophosphate dehydrogenase from Vibrio cholerae, deletion mutant, in complex with XMP and NAD	0.126	98	82	5	99	69	166	1.322E+00	35
LOKIASV2_3341_ESMFold_chemotaxis_response_regulator_protein-glutamate_methylesterase	1gc2-assembly1.cif.gz_A	LOKIASV2_3341_ESMFold_chemotaxis_response_regulator_protein-glutamate_methylesterase	1gc2-assembly1.cif.gz_A CRYSTAL STRUCTURE OF THE PYRIDOXAL-5'-PHOSPHATE DEPENDENT L-METHIONINE GAMMA-LYASE FROM PSEUDOMONAS PUTIDA	0.150	99	83	2	100	80	178	3.191E+00	35
LOKIASV2_3341_ESMFold_chemotaxis_response_regulator_protein-glutamate_methylesterase	6ovg-assembly2.cif.gz_G	LOKIASV2_3341_ESMFold_chemotaxis_response_regulator_protein-glutamate_methylesterase	6ovg-assembly2.cif.gz_G L-Methionine Depletion with an Engineered Human Enzyme Disrupts Prostate Cancer Metabolism	0.069	139	111	2	121	93	231	2.243E+00	35
LOKIASV2_3341_ESMFold_chemotaxis_response_regulator_protein-glutamate_methylesterase	6nba-assembly1.cif.gz_D	LOKIASV2_3341_ESMFold_chemotaxis_response_regulator_protein-glutamate_methylesterase	6nba-assembly1.cif.gz_D Crystal structure of Human Cystathionine gamma lyase with S-3-Carboxpropyl-L-Cysteine	0.082	139	109	2	121	96	234	1.672E+00	35
LOKIASV2_3341_ESMFold_chemotaxis_response_regulator_protein-glutamate_methylesterase	8ovh-assembly1.cif.gz_D	LOKIASV2_3341_ESMFold_chemotaxis_response_regulator_protein-glutamate_methylesterase	8ovh-assembly1.cif.gz_D Crystal structure of O-acetyl-L-homoserine sulfhydrolase from Saccharomyces cerevisiae in complex with Pyridoxal-5'-phosphate	0.125	99	85	2	99	70	168	3.191E+00	35
LOKIASV2_3341_ESMFold_chemotaxis_response_regulator_protein-glutamate_methylesterase	6mdy-assembly1.cif.gz_B	LOKIASV2_3341_ESMFold_chemotaxis_response_regulator_protein-glutamate_methylesterase	6mdy-assembly1.cif.gz_B Crystal structure of a 2-dehydro-3-deoxyphosphooctonate aldolase from Legionella pneumophila Philadelphia 1	0.077	349	197	1	349	15	228	1.260E-01	34
LOKIASV2_3341_ESMFold_chemotaxis_response_regulator_protein-glutamate_methylesterase	6jo3-assembly1.cif.gz_A-2	LOKIASV2_3341_ESMFold_chemotaxis_response_regulator_protein-glutamate_methylesterase	6jo3-assembly1.cif.gz_A-2 Crystal structure of (S)-3-O-geranylgeranylglyceryl phosphate synthase from Thermoplasma acidophilum in complex with substrate sn-glycerol-1-phosphate	0.128	123	102	1	123	125	242	1.880E+00	34
LOKIASV2_3341_ESMFold_chemotaxis_response_regulator_protein-glutamate_methylesterase	1ll0-assembly1.cif.gz_A	LOKIASV2_3341_ESMFold_chemotaxis_response_regulator_protein-glutamate_methylesterase	1ll0-assembly1.cif.gz_A Crystal Structure of Rabbit Muscle Glycogenin	0.097	76	54	159	234	1	61	4.868E-01	34
LOKIASV2_3341_ESMFold_chemotaxis_response_regulator_protein-glutamate_methylesterase	7p4g-assembly4.cif.gz_P	LOKIASV2_3341_ESMFold_chemotaxis_response_regulator_protein-glutamate_methylesterase	7p4g-assembly4.cif.gz_P Rabbit Muscle L-lactate dehydrogenase in complex with citrate	0.093	179	119	140	318	2	133	4.590E-01	34
LOKIASV2_3341_ESMFold_chemotaxis_response_regulator_protein-glutamate_methylesterase	3eua-assembly4.cif.gz_G	LOKIASV2_3341_ESMFold_chemotaxis_response_regulator_protein-glutamate_methylesterase	3eua-assembly4.cif.gz_G CRYSTAL STRUCTURE OF A PUTATIVE PHOSPHOSUGAR ISOMERASE (BSU32610) FROM BACILLUS SUBTILIS AT 1.90 A RESOLUTION	0.088	240	192	1	211	24	263	4.328E-01	34
LOKIASV2_3341_ESMFold_chemotaxis_response_regulator_protein-glutamate_methylesterase	5uzs-assembly1.cif.gz_A	LOKIASV2_3341_ESMFold_chemotaxis_response_regulator_protein-glutamate_methylesterase	5uzs-assembly1.cif.gz_A Crystal Structure of Inosine 5'-monophosphate Dehydrogenase from Clostridium perfringens Complexed with IMP and P200	0.149	117	85	4	104	121	237	8.760E-01	34
LOKIASV2_3341_ESMFold_chemotaxis_response_regulator_protein-glutamate_methylesterase	3ik4-assembly5.cif.gz_A	LOKIASV2_3341_ESMFold_chemotaxis_response_regulator_protein-glutamate_methylesterase	3ik4-assembly5.cif.gz_A CRYSTAL STRUCTURE OF mandelate racemase/muconate lactonizing protein from Herpetosiphon aurantiacus	0.139	81	65	17	97	223	298	1.486E+00	34
LOKIASV2_3341_ESMFold_chemotaxis_response_regulator_protein-glutamate_methylesterase	3ri6-assembly1.cif.gz_A-2	LOKIASV2_3341_ESMFold_chemotaxis_response_regulator_protein-glutamate_methylesterase	3ri6-assembly1.cif.gz_A-2 A Novel Mechanism of Sulfur Transfer Catalyzed by O-Acetylhomoserine Sulfhydrylase in Methionine Biosynthetic Pathway of Wolinella succinogenes	0.111	86	73	2	84	54	139	2.837E+00	34
LOKIASV2_3341_ESMFold_chemotaxis_response_regulator_protein-glutamate_methylesterase	4l0o-assembly3.cif.gz_G-3	LOKIASV2_3341_ESMFold_chemotaxis_response_regulator_protein-glutamate_methylesterase	4l0o-assembly3.cif.gz_G-3 Structure determination of cystathionine gamma-synthase from Helicobacter pylori	0.094	138	108	2	121	85	222	1.402E+00	34
LOKIASV2_3341_ESMFold_chemotaxis_response_regulator_protein-glutamate_methylesterase	3qi6-assembly1.cif.gz_A	LOKIASV2_3341_ESMFold_chemotaxis_response_regulator_protein-glutamate_methylesterase	3qi6-assembly1.cif.gz_A Crystal Structure of Cystathionine gamma-synthase MetB (Cgs) from Mycobacterium ulcerans Agy99	0.095	98	88	2	99	91	188	3.589E+00	34
LOKIASV2_3341_ESMFold_chemotaxis_response_regulator_protein-glutamate_methylesterase	5eig-assembly1.cif.gz_D	LOKIASV2_3341_ESMFold_chemotaxis_response_regulator_protein-glutamate_methylesterase	5eig-assembly1.cif.gz_D Engineered human cystathionine gamma lyase (E59T, E339V) to deplet cysteine	0.074	138	110	2	121	92	229	1.994E+00	34
LOKIASV2_3341_ESMFold_chemotaxis_response_regulator_protein-glutamate_methylesterase	7f1u-assembly1.cif.gz_D	LOKIASV2_3341_ESMFold_chemotaxis_response_regulator_protein-glutamate_methylesterase	7f1u-assembly1.cif.gz_D Crystal structure of Pseudomonas putida methionine gamma-lyase Q349S mutant with L-methionine intermediates	0.132	98	84	2	99	99	196	4.280E+00	34
LOKIASV2_3341_ESMFold_chemotaxis_response_regulator_protein-glutamate_methylesterase	8by2-assembly1.cif.gz_A	LOKIASV2_3341_ESMFold_chemotaxis_response_regulator_protein-glutamate_methylesterase	8by2-assembly1.cif.gz_A Structure of the K+/H+ exchanger KefC with GSH	0.137	144	109	4	130	390	533	1.773E+00	34
LOKIASV2_3341_ESMFold_chemotaxis_response_regulator_protein-glutamate_methylesterase	1kjn-assembly1.cif.gz_B	LOKIASV2_3341_ESMFold_chemotaxis_response_regulator_protein-glutamate_methylesterase	1kjn-assembly1.cif.gz_B Structure of MT0777	0.111	148	108	3	124	3	150	4.539E+00	33
LOKIASV2_3341_ESMFold_chemotaxis_response_regulator_protein-glutamate_methylesterase	4mwa-assembly3.cif.gz_C	LOKIASV2_3341_ESMFold_chemotaxis_response_regulator_protein-glutamate_methylesterase	4mwa-assembly3.cif.gz_C 1.85 Angstrom Crystal Structure of GCPE Protein from Bacillus anthracis	0.110	212	152	2	213	24	195	1.793E-01	33
LOKIASV2_3341_ESMFold_chemotaxis_response_regulator_protein-glutamate_methylesterase	3v90-assembly1.cif.gz_A	LOKIASV2_3341_ESMFold_chemotaxis_response_regulator_protein-glutamate_methylesterase	3v90-assembly1.cif.gz_A Structure of T82M glycogenin mutant truncated at residue 270	0.100	76	54	159	234	1	61	6.157E-01	33
LOKIASV2_3341_ESMFold_chemotaxis_response_regulator_protein-glutamate_methylesterase	3bgk-assembly1.cif.gz_A	LOKIASV2_3341_ESMFold_chemotaxis_response_regulator_protein-glutamate_methylesterase	3bgk-assembly1.cif.gz_A The crystal structure of hypothetic protein SMU.573 from Streptococcus mutans	0.115	168	102	147	314	12	127	9.290E-01	33
LOKIASV2_3341_ESMFold_chemotaxis_response_regulator_protein-glutamate_methylesterase	4yra-assembly1.cif.gz_H	LOKIASV2_3341_ESMFold_chemotaxis_response_regulator_protein-glutamate_methylesterase	4yra-assembly1.cif.gz_H mouse TDH in the apo form	0.075	251	216	1	234	1	251	1.260E-01	33
LOKIASV2_3341_ESMFold_chemotaxis_response_regulator_protein-glutamate_methylesterase	6aoo-assembly1.cif.gz_B	LOKIASV2_3341_ESMFold_chemotaxis_response_regulator_protein-glutamate_methylesterase	6aoo-assembly1.cif.gz_B 2.15 Angstrom Resolution Crystal Structure of Malate Dehydrogenase from Haemophilus influenzae	0.115	158	121	151	308	1	138	2.869E-01	33
LOKIASV2_3341_ESMFold_chemotaxis_response_regulator_protein-glutamate_methylesterase	4r68-assembly1.cif.gz_C	LOKIASV2_3341_ESMFold_chemotaxis_response_regulator_protein-glutamate_methylesterase	4r68-assembly1.cif.gz_C Lactate Dehydrogenase in complex with inhibitor compound 31	0.082	169	113	150	318	8	131	6.530E-01	33
LOKIASV2_3341_ESMFold_chemotaxis_response_regulator_protein-glutamate_methylesterase	3jvv-assembly1.cif.gz_C-2	LOKIASV2_3341_ESMFold_chemotaxis_response_regulator_protein-glutamate_methylesterase	3jvv-assembly1.cif.gz_C-2 Crystal Structure of P. aeruginosa PilT with bound AMP-PCP	0.129	154	111	2	130	153	306	6.925E-01	33
LOKIASV2_3341_ESMFold_chemotaxis_response_regulator_protein-glutamate_methylesterase	5upy-assembly1.cif.gz_A	LOKIASV2_3341_ESMFold_chemotaxis_response_regulator_protein-glutamate_methylesterase	5upy-assembly1.cif.gz_A Crystal Structure of the Catalytic Domain of the Inosine Monophosphate Dehydrogenase from Listeria Monocytogenes in the complex with IMP and Q21	0.164	118	84	4	104	122	239	1.175E+00	33
LOKIASV2_3341_ESMFold_chemotaxis_response_regulator_protein-glutamate_methylesterase	4l0o-assembly2.cif.gz_O-2	LOKIASV2_3341_ESMFold_chemotaxis_response_regulator_protein-glutamate_methylesterase	4l0o-assembly2.cif.gz_O-2 Structure determination of cystathionine gamma-synthase from Helicobacter pylori	0.103	138	107	2	121	89	226	2.115E+00	33
LOKIASV2_3341_ESMFold_chemotaxis_response_regulator_protein-glutamate_methylesterase	3cog-assembly1.cif.gz_B	LOKIASV2_3341_ESMFold_chemotaxis_response_regulator_protein-glutamate_methylesterase	3cog-assembly1.cif.gz_B Crystal structure of human cystathionase (Cystathionine gamma lyase) in complex with DL-propargylglycine	0.094	139	108	2	121	96	234	1.994E+00	33
LOKIASV2_3341_ESMFold_chemotaxis_response_regulator_protein-glutamate_methylesterase	5upx-assembly1.cif.gz_A	LOKIASV2_3341_ESMFold_chemotaxis_response_regulator_protein-glutamate_methylesterase	5upx-assembly1.cif.gz_A Crystal Structure of the Catalytic Domain of the Inosine Monophosphate Dehydrogenase from Listeria Monocytogenes in the presence of Xanthosine Monophosphate	0.173	118	83	4	104	143	260	1.045E+00	33
LOKIASV2_3341_ESMFold_chemotaxis_response_regulator_protein-glutamate_methylesterase	1zct-assembly1.cif.gz_A	LOKIASV2_3341_ESMFold_chemotaxis_response_regulator_protein-glutamate_methylesterase	1zct-assembly1.cif.gz_A structure of glycogenin truncated at residue 270 in a complex with UDP	0.085	76	55	159	234	1	61	3.848E-01	32
LOKIASV2_3341_ESMFold_chemotaxis_response_regulator_protein-glutamate_methylesterase	1ll0-assembly4.cif.gz_H	LOKIASV2_3341_ESMFold_chemotaxis_response_regulator_protein-glutamate_methylesterase	1ll0-assembly4.cif.gz_H Crystal Structure of Rabbit Muscle Glycogenin	0.097	76	54	159	234	1	61	6.925E-01	32
LOKIASV2_3341_ESMFold_chemotaxis_response_regulator_protein-glutamate_methylesterase	1zcu-assembly1.cif.gz_A	LOKIASV2_3341_ESMFold_chemotaxis_response_regulator_protein-glutamate_methylesterase	1zcu-assembly1.cif.gz_A apo form of the 162S mutant of glycogenin	0.097	76	54	159	234	1	61	7.789E-01	32
LOKIASV2_3341_ESMFold_chemotaxis_response_regulator_protein-glutamate_methylesterase	1ll0-assembly2.cif.gz_C	LOKIASV2_3341_ESMFold_chemotaxis_response_regulator_protein-glutamate_methylesterase	1ll0-assembly2.cif.gz_C Crystal Structure of Rabbit Muscle Glycogenin	0.097	76	54	159	234	1	61	6.925E-01	32
LOKIASV2_3341_ESMFold_chemotaxis_response_regulator_protein-glutamate_methylesterase	4mwa-assembly2.cif.gz_F	LOKIASV2_3341_ESMFold_chemotaxis_response_regulator_protein-glutamate_methylesterase	4mwa-assembly2.cif.gz_F 1.85 Angstrom Crystal Structure of GCPE Protein from Bacillus anthracis	0.107	230	186	2	231	25	233	1.901E-01	32
LOKIASV2_3341_ESMFold_chemotaxis_response_regulator_protein-glutamate_methylesterase	1zp3-assembly2.cif.gz_A	LOKIASV2_3341_ESMFold_chemotaxis_response_regulator_protein-glutamate_methylesterase	1zp3-assembly2.cif.gz_A E. coli Methylenetetrahydrofolate Reductase (oxidized)	0.100	216	161	1	216	20	199	2.268E-01	32
LOKIASV2_3341_ESMFold_chemotaxis_response_regulator_protein-glutamate_methylesterase	4yra-assembly3.cif.gz_C	LOKIASV2_3341_ESMFold_chemotaxis_response_regulator_protein-glutamate_methylesterase	4yra-assembly3.cif.gz_C mouse TDH in the apo form	0.075	243	216	2	235	3	245	1.503E-01	32
LOKIASV2_3341_ESMFold_chemotaxis_response_regulator_protein-glutamate_methylesterase	2o2z-assembly1.cif.gz_A	LOKIASV2_3341_ESMFold_chemotaxis_response_regulator_protein-glutamate_methylesterase	2o2z-assembly1.cif.gz_A Crystal structure of a protein member of the upf0052 family (bh3568) from bacillus halodurans at 2.60 A resolution	0.091	308	170	159	346	2	309	1.417E-01	32
LOKIASV2_3341_ESMFold_chemotaxis_response_regulator_protein-glutamate_methylesterase	4r74-assembly4.cif.gz_D	LOKIASV2_3341_ESMFold_chemotaxis_response_regulator_protein-glutamate_methylesterase	4r74-assembly4.cif.gz_D Structure of the periplasmic binding protein AfuA from Actinobacillus pleuropneumoniae (exogenous fructose-6-phosphate bound)	0.085	47	40	4	48	6	52	3.009E+00	32
LOKIASV2_3341_ESMFold_chemotaxis_response_regulator_protein-glutamate_methylesterase	3dfy-assembly1.cif.gz_F	LOKIASV2_3341_ESMFold_chemotaxis_response_regulator_protein-glutamate_methylesterase	3dfy-assembly1.cif.gz_F Crystal structure of apo dipeptide epimerase from Thermotoga maritima	0.128	120	90	1	120	119	222	3.191E+00	32
LOKIASV2_3341_ESMFold_chemotaxis_response_regulator_protein-glutamate_methylesterase	3u9i-assembly1.cif.gz_A	LOKIASV2_3341_ESMFold_chemotaxis_response_regulator_protein-glutamate_methylesterase	3u9i-assembly1.cif.gz_A The crystal structure of Mandelate racemase/muconate lactonizing enzyme from Roseiflexus sp.	0.164	67	54	31	97	230	294	2.243E+00	32
LOKIASV2_3341_ESMFold_chemotaxis_response_regulator_protein-glutamate_methylesterase	2wvl-assembly1.cif.gz_B	LOKIASV2_3341_ESMFold_chemotaxis_response_regulator_protein-glutamate_methylesterase	2wvl-assembly1.cif.gz_B Mannosyl-3-phosphoglycerate synthase from Thermus thermophilus HB27 in complex with GDP-alpha-D-Mannose and Mg(II)	0.176	51	40	161	211	54	102	1.994E+00	32
LOKIASV2_3341_ESMFold_chemotaxis_response_regulator_protein-glutamate_methylesterase	8duy-assembly2.cif.gz_C	LOKIASV2_3341_ESMFold_chemotaxis_response_regulator_protein-glutamate_methylesterase	8duy-assembly2.cif.gz_C Crystal structure of Cystathionine beta-lyase from Klebsiella pneumoniae	0.109	108	91	1	103	96	203	2.378E+00	32
LOKIASV2_3341_ESMFold_chemotaxis_response_regulator_protein-glutamate_methylesterase	6egr-assembly1.cif.gz_A	LOKIASV2_3341_ESMFold_chemotaxis_response_regulator_protein-glutamate_methylesterase	6egr-assembly1.cif.gz_A Crystal structure of Citrobacter freundii methionine gamma-lyase with V358Y replacement	0.150	98	82	2	99	103	200	5.105E+00	32
LOKIASV2_3341_ESMFold_chemotaxis_response_regulator_protein-glutamate_methylesterase	8sad-assembly1.cif.gz_A	LOKIASV2_3341_ESMFold_chemotaxis_response_regulator_protein-glutamate_methylesterase	8sad-assembly1.cif.gz_A Crystal Structure of Cystathionine beta lyase from Klebsiella aerogenes, PLP/Malonate complex (C2 form)	0.135	100	84	2	99	105	204	2.837E+00	32
LOKIASV2_3341_ESMFold_chemotaxis_response_regulator_protein-glutamate_methylesterase	5gl5-assembly1.cif.gz_A	LOKIASV2_3341_ESMFold_chemotaxis_response_regulator_protein-glutamate_methylesterase	5gl5-assembly1.cif.gz_A Sterol 3-beta-glucosyltransferase (ugt51) from Saccharomyces cerevisiae (strain ATCC 204508 / S288c): UDPG complex	0.115	380	305	2	347	4	383	9.962E-02	32
LOKIASV2_3341_ESMFold_chemotaxis_response_regulator_protein-glutamate_methylesterase	4jem-assembly1.cif.gz_B	LOKIASV2_3341_ESMFold_chemotaxis_response_regulator_protein-glutamate_methylesterase	4jem-assembly1.cif.gz_B Crystal structure of MilB complexed with cytidine 5'-monophosphate	0.149	142	108	3	130	7	148	1.994E+00	31
LOKIASV2_3341_ESMFold_chemotaxis_response_regulator_protein-glutamate_methylesterase	8soq-assembly3.cif.gz_E	LOKIASV2_3341_ESMFold_chemotaxis_response_regulator_protein-glutamate_methylesterase	8soq-assembly3.cif.gz_E S127A variant of LarB, a carboxylase/hydrolase involved in synthesis of the cofactor for lactate racemase, in complex with authentic substrate NaAD	0.141	85	70	2	84	65	149	2.522E+00	31
LOKIASV2_3341_ESMFold_chemotaxis_response_regulator_protein-glutamate_methylesterase	5ndy-assembly1.cif.gz_A	LOKIASV2_3341_ESMFold_chemotaxis_response_regulator_protein-glutamate_methylesterase	5ndy-assembly1.cif.gz_A crystal structure of variants	0.136	101	85	28	128	144	242	2.243E+00	31
LOKIASV2_3341_ESMFold_chemotaxis_response_regulator_protein-glutamate_methylesterase	6eqj-assembly1.cif.gz_A-2	LOKIASV2_3341_ESMFold_chemotaxis_response_regulator_protein-glutamate_methylesterase	6eqj-assembly1.cif.gz_A-2 Crystal Structure of Human Glycogenin-1 (GYG1) Tyr195pIPhe mutant, apo form	0.148	76	51	159	234	1	61	3.629E-01	31
LOKIASV2_3341_ESMFold_chemotaxis_response_regulator_protein-glutamate_methylesterase	3q4s-assembly1.cif.gz_A-2	LOKIASV2_3341_ESMFold_chemotaxis_response_regulator_protein-glutamate_methylesterase	3q4s-assembly1.cif.gz_A-2 Crystal Structure of Human Glycogenin-1 (GYG1), apo form	0.126	75	52	160	234	3	62	1.045E+00	31
LOKIASV2_3341_ESMFold_chemotaxis_response_regulator_protein-glutamate_methylesterase	6eql-assembly1.cif.gz_A	LOKIASV2_3341_ESMFold_chemotaxis_response_regulator_protein-glutamate_methylesterase	6eql-assembly1.cif.gz_A Crystal Structure of Human Glycogenin-1 (GYG1) Tyr195pIPhe mutant complexed with manganese and UDP	0.087	76	55	159	234	1	61	5.162E-01	31
LOKIASV2_3341_ESMFold_chemotaxis_response_regulator_protein-glutamate_methylesterase	1ll0-assembly3.cif.gz_F	LOKIASV2_3341_ESMFold_chemotaxis_response_regulator_protein-glutamate_methylesterase	1ll0-assembly3.cif.gz_F Crystal Structure of Rabbit Muscle Glycogenin	0.097	76	54	159	234	1	61	8.260E-01	31
LOKIASV2_3341_ESMFold_chemotaxis_response_regulator_protein-glutamate_methylesterase	3q94-assembly1.cif.gz_B	LOKIASV2_3341_ESMFold_chemotaxis_response_regulator_protein-glutamate_methylesterase	3q94-assembly1.cif.gz_B The crystal structure of fructose 1,6-bisphosphate aldolase from Bacillus anthracis str. 'Ames Ancestor'	0.104	174	121	1	136	101	274	8.260E-01	31
LOKIASV2_3341_ESMFold_chemotaxis_response_regulator_protein-glutamate_methylesterase	1xdl-assembly4.cif.gz_Y	LOKIASV2_3341_ESMFold_chemotaxis_response_regulator_protein-glutamate_methylesterase	1xdl-assembly4.cif.gz_Y Structure of human aldolase B associated with hereditary fructose intolerance (A149P), at 277K	0.146	116	97	2	115	23	138	2.115E+00	31
LOKIASV2_3341_ESMFold_chemotaxis_response_regulator_protein-glutamate_methylesterase	4fez-assembly2.cif.gz_B	LOKIASV2_3341_ESMFold_chemotaxis_response_regulator_protein-glutamate_methylesterase	4fez-assembly2.cif.gz_B Inosine 5'-monophosphate dehydrogenase from Vibrio cholerae, deletion mutant	0.147	99	78	24	116	97	195	2.675E+00	31
LOKIASV2_3341_ESMFold_chemotaxis_response_regulator_protein-glutamate_methylesterase	7p4g-assembly3.cif.gz_I	LOKIASV2_3341_ESMFold_chemotaxis_response_regulator_protein-glutamate_methylesterase	7p4g-assembly3.cif.gz_I Rabbit Muscle L-lactate dehydrogenase in complex with citrate	0.091	178	114	141	318	3	128	7.344E-01	31
LOKIASV2_3341_ESMFold_chemotaxis_response_regulator_protein-glutamate_methylesterase	6a00-assembly1.cif.gz_A	LOKIASV2_3341_ESMFold_chemotaxis_response_regulator_protein-glutamate_methylesterase	6a00-assembly1.cif.gz_A The crystal structure of Mandelate oxidase with (S)-2-phenylpropionate	0.106	180	133	34	213	130	279	3.042E-01	31
LOKIASV2_3341_ESMFold_chemotaxis_response_regulator_protein-glutamate_methylesterase	4ix2-assembly1.cif.gz_A	LOKIASV2_3341_ESMFold_chemotaxis_response_regulator_protein-glutamate_methylesterase	4ix2-assembly1.cif.gz_A Inosine 5'-monophosphate dehydrogenase from Vibrio cholerae, deletion mutant, complexed with IMP	0.084	252	207	5	256	44	270	3.848E-01	31
LOKIASV2_3341_ESMFold_chemotaxis_response_regulator_protein-glutamate_methylesterase	2wvk-assembly1.cif.gz_A	LOKIASV2_3341_ESMFold_chemotaxis_response_regulator_protein-glutamate_methylesterase	2wvk-assembly1.cif.gz_A Mannosyl-3-phosphoglycerate synthase from Thermus thermophilus HB27 apoprotein	0.176	51	40	161	211	54	102	2.378E+00	31
LOKIASV2_3341_ESMFold_chemotaxis_response_regulator_protein-glutamate_methylesterase	1nfb-assembly1.cif.gz_A	LOKIASV2_3341_ESMFold_chemotaxis_response_regulator_protein-glutamate_methylesterase	1nfb-assembly1.cif.gz_A Ternary complex of the human type II Inosine Monophosphate Dedhydrogenase with 6Cl-IMP and NAD	0.171	124	91	3	113	201	324	1.246E+00	31
LOKIASV2_3341_ESMFold_chemotaxis_response_regulator_protein-glutamate_methylesterase	7sp8-assembly1.cif.gz_A	LOKIASV2_3341_ESMFold_chemotaxis_response_regulator_protein-glutamate_methylesterase	7sp8-assembly1.cif.gz_A Chlorella virus Hyaluronan Synthase bound to UDP-GlcNAc	0.119	153	119	84	236	1	136	2.138E-01	31
LOKIASV2_3341_ESMFold_chemotaxis_response_regulator_protein-glutamate_methylesterase	3ext-assembly1.cif.gz_A-2	LOKIASV2_3341_ESMFold_chemotaxis_response_regulator_protein-glutamate_methylesterase	3ext-assembly1.cif.gz_A-2 Crystal structure of KGPDC from Streptococcus mutans	0.100	234	166	1	234	1	185	9.852E-01	30
LOKIASV2_3341_ESMFold_chemotaxis_response_regulator_protein-glutamate_methylesterase	4j91-assembly1.cif.gz_D-2	LOKIASV2_3341_ESMFold_chemotaxis_response_regulator_protein-glutamate_methylesterase	4j91-assembly1.cif.gz_D-2 Diamond-shaped octameric structure of KtrA with ADP bound	0.113	129	108	4	126	2	130	4.280E+00	30
LOKIASV2_3341_ESMFold_chemotaxis_response_regulator_protein-glutamate_methylesterase	3v91-assembly1.cif.gz_A	LOKIASV2_3341_ESMFold_chemotaxis_response_regulator_protein-glutamate_methylesterase	3v91-assembly1.cif.gz_A Structure of T82M glycogenin mutant truncated at residue 270 complexed with UDP-glucose	0.098	77	55	159	235	1	62	1.108E+00	30
LOKIASV2_3341_ESMFold_chemotaxis_response_regulator_protein-glutamate_methylesterase	5zfs-assembly1.cif.gz_B	LOKIASV2_3341_ESMFold_chemotaxis_response_regulator_protein-glutamate_methylesterase	5zfs-assembly1.cif.gz_B Crystal structure of Arthrobacter globiformis M30 sugar epimerase which can produce D-allulose from D-fructose	0.093	349	249	1	349	1	276	1.690E-01	30
LOKIASV2_3341_ESMFold_chemotaxis_response_regulator_protein-glutamate_methylesterase	1ib6-assembly1.cif.gz_B	LOKIASV2_3341_ESMFold_chemotaxis_response_regulator_protein-glutamate_methylesterase	1ib6-assembly1.cif.gz_B CRYSTAL STRUCTURE OF R153C E. COLI MALATE DEHYDROGENASE	0.075	191	127	163	353	2	139	5.475E-01	30
LOKIASV2_3341_ESMFold_chemotaxis_response_regulator_protein-glutamate_methylesterase	2wvm-assembly1.cif.gz_A	LOKIASV2_3341_ESMFold_chemotaxis_response_regulator_protein-glutamate_methylesterase	2wvm-assembly1.cif.gz_A H309A mutant of Mannosyl-3-phosphoglycerate synthase from Thermus thermophilus HB27 in complex with GDP-alpha-D-Mannose and Mg(II)	0.176	51	40	161	211	54	102	2.837E+00	30
LOKIASV2_3341_ESMFold_chemotaxis_response_regulator_protein-glutamate_methylesterase	5eig-assembly2.cif.gz_F	LOKIASV2_3341_ESMFold_chemotaxis_response_regulator_protein-glutamate_methylesterase	5eig-assembly2.cif.gz_F Engineered human cystathionine gamma lyase (E59T, E339V) to deplet cysteine	0.088	138	109	2	121	92	229	2.837E+00	30
LOKIASV2_3341_ESMFold_chemotaxis_response_regulator_protein-glutamate_methylesterase	3mkj-assembly1.cif.gz_A	LOKIASV2_3341_ESMFold_chemotaxis_response_regulator_protein-glutamate_methylesterase	3mkj-assembly1.cif.gz_A Methionine gamma-lyase from Citrobacter freundii with pyridoximine-5'-phosphate	0.114	85	72	2	83	92	176	8.169E+00	30
LOKIASV2_3341_ESMFold_chemotaxis_response_regulator_protein-glutamate_methylesterase	4mkk-assembly1.cif.gz_A	LOKIASV2_3341_ESMFold_chemotaxis_response_regulator_protein-glutamate_methylesterase	4mkk-assembly1.cif.gz_A Crystal structure of C115A mutant L-methionine gamma-lyase from Citrobacter freundii modified by allicine	0.132	98	84	2	99	94	191	6.458E+00	30
LOKIASV2_3341_ESMFold_chemotaxis_response_regulator_protein-glutamate_methylesterase	6ovg-assembly2.cif.gz_E	LOKIASV2_3341_ESMFold_chemotaxis_response_regulator_protein-glutamate_methylesterase	6ovg-assembly2.cif.gz_E L-Methionine Depletion with an Engineered Human Enzyme Disrupts Prostate Cancer Metabolism	0.068	139	111	2	121	94	232	3.806E+00	30
LOKIASV2_3341_ESMFold_chemotaxis_response_regulator_protein-glutamate_methylesterase	7rjt-assembly1.cif.gz_A	LOKIASV2_3341_ESMFold_chemotaxis_response_regulator_protein-glutamate_methylesterase	7rjt-assembly1.cif.gz_A Aplysia Slo1 with Barium	0.083	504	319	2	350	273	776	2.016E-01	30
LOKIASV2_3341_ESMFold_chemotaxis_response_regulator_protein-glutamate_methylesterase	5yer-assembly1.cif.gz_A	LOKIASV2_3341_ESMFold_chemotaxis_response_regulator_protein-glutamate_methylesterase	5yer-assembly1.cif.gz_A Regulatory domain of HypT from Salmonella typhimurium (Bromide ion-bound)	0.176	50	40	2	51	10	58	3.009E+00	29
LOKIASV2_3341_ESMFold_chemotaxis_response_regulator_protein-glutamate_methylesterase	1km2-assembly1.cif.gz_A	LOKIASV2_3341_ESMFold_chemotaxis_response_regulator_protein-glutamate_methylesterase	1km2-assembly1.cif.gz_A crystal structure of orotidine monophosphate mutant Q185A with 6-azaUMP	0.074	344	190	4	347	4	209	5.475E-01	29
LOKIASV2_3341_ESMFold_chemotaxis_response_regulator_protein-glutamate_methylesterase	3w01-assembly1.cif.gz_B	LOKIASV2_3341_ESMFold_chemotaxis_response_regulator_protein-glutamate_methylesterase	3w01-assembly1.cif.gz_B Crystal structure of PcrB complexed with PEG from Staphylococcus aureus subsp. aureus Mu3	0.089	352	196	2	353	11	226	3.848E-01	29
LOKIASV2_3341_ESMFold_chemotaxis_response_regulator_protein-glutamate_methylesterase	5wol-assembly1.cif.gz_A	LOKIASV2_3341_ESMFold_chemotaxis_response_regulator_protein-glutamate_methylesterase	5wol-assembly1.cif.gz_A Crystal structure of dihydrodipicolinate reductase DapB from Coxiella burnetii	0.080	258	182	1	258	1	199	5.475E-01	29
LOKIASV2_3341_ESMFold_chemotaxis_response_regulator_protein-glutamate_methylesterase	3v8z-assembly1.cif.gz_A	LOKIASV2_3341_ESMFold_chemotaxis_response_regulator_protein-glutamate_methylesterase	3v8z-assembly1.cif.gz_A Structure of apo-glycogenin truncated at residue 270 complexed with UDP	0.100	76	54	159	234	1	61	8.760E-01	29
LOKIASV2_3341_ESMFold_chemotaxis_response_regulator_protein-glutamate_methylesterase	4fez-assembly1.cif.gz_A	LOKIASV2_3341_ESMFold_chemotaxis_response_regulator_protein-glutamate_methylesterase	4fez-assembly1.cif.gz_A Inosine 5'-monophosphate dehydrogenase from Vibrio cholerae, deletion mutant	0.102	167	111	4	128	129	295	9.290E-01	29
LOKIASV2_3341_ESMFold_chemotaxis_response_regulator_protein-glutamate_methylesterase	4i9n-assembly1.cif.gz_B	LOKIASV2_3341_ESMFold_chemotaxis_response_regulator_protein-glutamate_methylesterase	4i9n-assembly1.cif.gz_B Crystal structure of rabbit LDHA in complex with AP28161 and AP28122	0.080	169	114	150	318	8	132	6.157E-01	29
LOKIASV2_3341_ESMFold_chemotaxis_response_regulator_protein-glutamate_methylesterase	5iln-assembly1.cif.gz_B	LOKIASV2_3341_ESMFold_chemotaxis_response_regulator_protein-glutamate_methylesterase	5iln-assembly1.cif.gz_B Crystal structure of Aspartate Transcarbamoylase from Plasmodium falciparum (PfATC) with bound citrate	0.083	347	238	2	348	67	326	3.042E-01	29
LOKIASV2_3341_ESMFold_chemotaxis_response_regulator_protein-glutamate_methylesterase	3qi6-assembly1.cif.gz_C	LOKIASV2_3341_ESMFold_chemotaxis_response_regulator_protein-glutamate_methylesterase	3qi6-assembly1.cif.gz_C Crystal Structure of Cystathionine gamma-synthase MetB (Cgs) from Mycobacterium ulcerans Agy99	0.095	98	88	2	99	91	188	6.458E+00	29
LOKIASV2_3341_ESMFold_chemotaxis_response_regulator_protein-glutamate_methylesterase	1ibj-assembly1.cif.gz_A	LOKIASV2_3341_ESMFold_chemotaxis_response_regulator_protein-glutamate_methylesterase	1ibj-assembly1.cif.gz_A Crystal structure of cystathionine beta-lyase from Arabidopsis thaliana	0.102	138	110	2	124	88	225	4.539E+00	29
LOKIASV2_3341_ESMFold_chemotaxis_response_regulator_protein-glutamate_methylesterase	3vk3-assembly1.cif.gz_A	LOKIASV2_3341_ESMFold_chemotaxis_response_regulator_protein-glutamate_methylesterase	3vk3-assembly1.cif.gz_A Crystal Structure of L-Methionine gamma-Lyase from Pseudomonas putida C116H Mutant Complexed with L-methionine	0.143	142	109	2	129	104	245	3.191E+00	29
LOKIASV2_3341_ESMFold_chemotaxis_response_regulator_protein-glutamate_methylesterase	3tsd-assembly1.cif.gz_A	LOKIASV2_3341_ESMFold_chemotaxis_response_regulator_protein-glutamate_methylesterase	3tsd-assembly1.cif.gz_A Crystal Structure of Inosine-5'-monophosphate Dehydrogenase from Bacillus anthracis str. Ames complexed with XMP	0.182	117	81	6	105	252	368	1.486E+00	29
LOKIASV2_3341_ESMFold_chemotaxis_response_regulator_protein-glutamate_methylesterase	5upt-assembly1.cif.gz_A-2	LOKIASV2_3341_ESMFold_chemotaxis_response_regulator_protein-glutamate_methylesterase	5upt-assembly1.cif.gz_A-2 Acyl-CoA synthetase PtmA2 from Streptomyces platensis in complex with SBNP468 ligand	0.095	79	70	2	79	57	135	7.263E+00	29
LOKIASV2_3341_ESMFold_chemotaxis_response_regulator_protein-glutamate_methylesterase	3ha2-assembly1.cif.gz_B	LOKIASV2_3341_ESMFold_chemotaxis_response_regulator_protein-glutamate_methylesterase	3ha2-assembly1.cif.gz_B Crystal Structure of Protein (NADPH-quinone reductase) from P.pentosaceus, Northeast Structural Genomics Consortium Target PtR24A	0.075	163	110	1	120	1	163	1.880E+00	28
LOKIASV2_3341_ESMFold_chemotaxis_response_regulator_protein-glutamate_methylesterase	3oxn-assembly1.cif.gz_D	LOKIASV2_3341_ESMFold_chemotaxis_response_regulator_protein-glutamate_methylesterase	3oxn-assembly1.cif.gz_D The crystal structure of a putative transcriptional regulator from Vibrio parahaemolyticus	0.139	43	36	2	44	103	145	5.105E+00	28
LOKIASV2_3341_ESMFold_chemotaxis_response_regulator_protein-glutamate_methylesterase	2z0y-assembly3.cif.gz_A	LOKIASV2_3341_ESMFold_chemotaxis_response_regulator_protein-glutamate_methylesterase	2z0y-assembly3.cif.gz_A Crystal structure of TTHA0657-SAM complex	0.157	84	67	153	236	60	139	1.045E+00	28
LOKIASV2_3341_ESMFold_chemotaxis_response_regulator_protein-glutamate_methylesterase	1sfj-assembly1.cif.gz_A	LOKIASV2_3341_ESMFold_chemotaxis_response_regulator_protein-glutamate_methylesterase	1sfj-assembly1.cif.gz_A 2.4A Crystal structure of Staphylococcus aureus type I 3-dehydroquinase, with 3-dehydroquinate bound	0.078	220	169	1	220	1	184	3.848E-01	28
LOKIASV2_3341_ESMFold_chemotaxis_response_regulator_protein-glutamate_methylesterase	3qvb-assembly1.cif.gz_A-2	LOKIASV2_3341_ESMFold_chemotaxis_response_regulator_protein-glutamate_methylesterase	3qvb-assembly1.cif.gz_A-2 Crystal Structure of Human Glycogenin-1 (GYG1) complexed with manganese and UDP	0.148	76	51	159	234	2	62	7.344E-01	28
LOKIASV2_3341_ESMFold_chemotaxis_response_regulator_protein-glutamate_methylesterase	1zcy-assembly1.cif.gz_A-2	LOKIASV2_3341_ESMFold_chemotaxis_response_regulator_protein-glutamate_methylesterase	1zcy-assembly1.cif.gz_A-2 apo form of a mutant of glycogenin in which Asp159 is replaced by Ser	0.097	76	54	159	234	1	61	1.486E+00	28
LOKIASV2_3341_ESMFold_chemotaxis_response_regulator_protein-glutamate_methylesterase	8b9m-assembly1.cif.gz_B	LOKIASV2_3341_ESMFold_chemotaxis_response_regulator_protein-glutamate_methylesterase	8b9m-assembly1.cif.gz_B Cysteine Synthase from Leishmania Infantum	0.130	223	174	36	236	54	276	2.869E-01	28
LOKIASV2_3341_ESMFold_chemotaxis_response_regulator_protein-glutamate_methylesterase	2o2z-assembly2.cif.gz_D	LOKIASV2_3341_ESMFold_chemotaxis_response_regulator_protein-glutamate_methylesterase	2o2z-assembly2.cif.gz_D Crystal structure of a protein member of the upf0052 family (bh3568) from bacillus halodurans at 2.60 A resolution	0.088	309	171	159	346	1	309	2.138E-01	28
LOKIASV2_3341_ESMFold_chemotaxis_response_regulator_protein-glutamate_methylesterase	7qoz-assembly1.cif.gz_B	LOKIASV2_3341_ESMFold_chemotaxis_response_regulator_protein-glutamate_methylesterase	7qoz-assembly1.cif.gz_B Crystal structure of NAD-bound glycosomal malate dehydrogenase from Trypanosoma cruzi	0.111	151	108	162	312	2	124	1.576E+00	28
LOKIASV2_3341_ESMFold_chemotaxis_response_regulator_protein-glutamate_methylesterase	6a11-assembly1.cif.gz_A-4	LOKIASV2_3341_ESMFold_chemotaxis_response_regulator_protein-glutamate_methylesterase	6a11-assembly1.cif.gz_A-4 Mandelate oxidase mutant-Y128F with phenylpyruvic acid	0.106	180	133	34	213	130	279	5.806E-01	28
LOKIASV2_3341_ESMFold_chemotaxis_response_regulator_protein-glutamate_methylesterase	4q32-assembly1.cif.gz_B	LOKIASV2_3341_ESMFold_chemotaxis_response_regulator_protein-glutamate_methylesterase	4q32-assembly1.cif.gz_B Crystal Structure of Inosine 5'-monophosphate Dehydrogenase from Clostridium perfringens Complexed with IMP and C91	0.143	134	88	5	108	41	174	2.675E+00	28
LOKIASV2_3341_ESMFold_chemotaxis_response_regulator_protein-glutamate_methylesterase	5zzp-assembly1.cif.gz_A	LOKIASV2_3341_ESMFold_chemotaxis_response_regulator_protein-glutamate_methylesterase	5zzp-assembly1.cif.gz_A The crystal structure of Mandelate oxidase	0.102	180	142	34	213	130	288	5.162E-01	28
LOKIASV2_3341_ESMFold_chemotaxis_response_regulator_protein-glutamate_methylesterase	4yrd-assembly1.cif.gz_B	LOKIASV2_3341_ESMFold_chemotaxis_response_regulator_protein-glutamate_methylesterase	4yrd-assembly1.cif.gz_B Crystal structure of CapF with inhibitor 3-isopropenyl-tropolone	0.127	175	120	3	141	2	176	3.806E+00	28
LOKIASV2_3341_ESMFold_chemotaxis_response_regulator_protein-glutamate_methylesterase	5ahm-assembly1.cif.gz_B	LOKIASV2_3341_ESMFold_chemotaxis_response_regulator_protein-glutamate_methylesterase	5ahm-assembly1.cif.gz_B IMP-bound form of the DeltaCBS mutant of IMPDH from Pseudomonas aeruginosa	0.086	234	169	24	257	99	284	4.328E-01	28
LOKIASV2_3341_ESMFold_chemotaxis_response_regulator_protein-glutamate_methylesterase	3ik4-assembly3.cif.gz_C	LOKIASV2_3341_ESMFold_chemotaxis_response_regulator_protein-glutamate_methylesterase	3ik4-assembly3.cif.gz_C CRYSTAL STRUCTURE OF mandelate racemase/muconate lactonizing protein from Herpetosiphon aurantiacus	0.139	81	65	17	97	222	297	3.384E+00	28
LOKIASV2_3341_ESMFold_chemotaxis_response_regulator_protein-glutamate_methylesterase	2wvm-assembly1.cif.gz_B	LOKIASV2_3341_ESMFold_chemotaxis_response_regulator_protein-glutamate_methylesterase	2wvm-assembly1.cif.gz_B H309A mutant of Mannosyl-3-phosphoglycerate synthase from Thermus thermophilus HB27 in complex with GDP-alpha-D-Mannose and Mg(II)	0.157	55	41	161	210	54	108	1.486E+00	28
LOKIASV2_3341_ESMFold_chemotaxis_response_regulator_protein-glutamate_methylesterase	6j7j-assembly1.cif.gz_A	LOKIASV2_3341_ESMFold_chemotaxis_response_regulator_protein-glutamate_methylesterase	6j7j-assembly1.cif.gz_A Crystal structure of Pseudomonas aeruginosa Earp	0.098	312	253	1	312	4	285	2.268E-01	28
LOKIASV2_3341_ESMFold_chemotaxis_response_regulator_protein-glutamate_methylesterase	5wc8-assembly2.cif.gz_A	LOKIASV2_3341_ESMFold_chemotaxis_response_regulator_protein-glutamate_methylesterase	5wc8-assembly2.cif.gz_A Structure of a bacterial polysialyltransferase at 2.75 Angstrom resolution	0.103	351	293	3	353	43	370	2.138E-01	28
LOKIASV2_3341_ESMFold_chemotaxis_response_regulator_protein-glutamate_methylesterase	5eig-assembly2.cif.gz_G	LOKIASV2_3341_ESMFold_chemotaxis_response_regulator_protein-glutamate_methylesterase	5eig-assembly2.cif.gz_G Engineered human cystathionine gamma lyase (E59T, E339V) to deplet cysteine	0.068	138	111	2	121	94	231	5.414E+00	28
LOKIASV2_3341_ESMFold_chemotaxis_response_regulator_protein-glutamate_methylesterase	3tsd-assembly2.cif.gz_B	LOKIASV2_3341_ESMFold_chemotaxis_response_regulator_protein-glutamate_methylesterase	3tsd-assembly2.cif.gz_B Crystal Structure of Inosine-5'-monophosphate Dehydrogenase from Bacillus anthracis str. Ames complexed with XMP	0.171	119	83	5	105	232	350	1.994E+00	28
LOKIASV2_3341_ESMFold_chemotaxis_response_regulator_protein-glutamate_methylesterase	5e7q-assembly1.cif.gz_B	LOKIASV2_3341_ESMFold_chemotaxis_response_regulator_protein-glutamate_methylesterase	5e7q-assembly1.cif.gz_B Acyl-CoA synthetase PtmA2 from Streptomyces platensis	0.095	79	70	2	79	55	133	8.664E+00	28
LOKIASV2_3341_ESMFold_chemotaxis_response_regulator_protein-glutamate_methylesterase	2z86-assembly1.cif.gz_B	LOKIASV2_3341_ESMFold_chemotaxis_response_regulator_protein-glutamate_methylesterase	2z86-assembly1.cif.gz_B Crystal structure of chondroitin polymerase from Escherichia coli strain K4 (K4CP) complexed with UDP-GlcUA and UDP	0.153	158	123	82	239	7	152	1.690E-01	28
LOKIASV2_3341_ESMFold_chemotaxis_response_regulator_protein-glutamate_methylesterase	2z87-assembly2.cif.gz_A	LOKIASV2_3341_ESMFold_chemotaxis_response_regulator_protein-glutamate_methylesterase	2z87-assembly2.cif.gz_A Crystal structure of chondroitin polymerase from Escherichia coli strain K4 (K4CP) complexed with UDP-GalNAc and UDP	0.152	133	111	105	236	17	149	2.869E-01	28
LOKIASV2_3341_ESMFold_chemotaxis_response_regulator_protein-glutamate_methylesterase	7rk6-assembly1.cif.gz_A	LOKIASV2_3341_ESMFold_chemotaxis_response_regulator_protein-glutamate_methylesterase	7rk6-assembly1.cif.gz_A Aplysia Slo1 with Barium	0.091	500	316	2	350	266	765	3.226E-01	28
LOKIASV2_3341_ESMFold_chemotaxis_response_regulator_protein-glutamate_methylesterase	2yw3-assembly2.cif.gz_E	LOKIASV2_3341_ESMFold_chemotaxis_response_regulator_protein-glutamate_methylesterase	2yw3-assembly2.cif.gz_E Crystal Structure Analysis of the 4-hydroxy-2-oxoglutarate aldolase/2-deydro-3-deoxyphosphogluconate aldolase from TTHB1	0.125	231	144	3	233	13	177	8.760E-01	27
LOKIASV2_3341_ESMFold_chemotaxis_response_regulator_protein-glutamate_methylesterase	4rxg-assembly1.cif.gz_G	LOKIASV2_3341_ESMFold_chemotaxis_response_regulator_protein-glutamate_methylesterase	4rxg-assembly1.cif.gz_G Fructose-6-phosphate aldolase Q59E from E.coli	0.071	159	118	1	128	1	159	1.402E+00	27
LOKIASV2_3341_ESMFold_chemotaxis_response_regulator_protein-glutamate_methylesterase	5nez-assembly1.cif.gz_C	LOKIASV2_3341_ESMFold_chemotaxis_response_regulator_protein-glutamate_methylesterase	5nez-assembly1.cif.gz_C crystal structure of variants	0.075	226	173	161	348	16	241	6.157E-01	27
LOKIASV2_3341_ESMFold_chemotaxis_response_regulator_protein-glutamate_methylesterase	6clu-assembly6.cif.gz_D	LOKIASV2_3341_ESMFold_chemotaxis_response_regulator_protein-glutamate_methylesterase	6clu-assembly6.cif.gz_D Staphylococcus aureus Dihydropteroate Synthase (saDHPS) F17L E208K double mutant structure	0.121	232	198	2	233	3	228	6.530E-01	27
LOKIASV2_3341_ESMFold_chemotaxis_response_regulator_protein-glutamate_methylesterase	4b5w-assembly1.cif.gz_C	LOKIASV2_3341_ESMFold_chemotaxis_response_regulator_protein-glutamate_methylesterase	4b5w-assembly1.cif.gz_C Crystal structures of divalent metal dependent pyruvate aldolase R70A mutant, HpaI, in complex with pyruvate	0.093	350	215	2	351	15	252	7.344E-01	27
LOKIASV2_3341_ESMFold_chemotaxis_response_regulator_protein-glutamate_methylesterase	1zcv-assembly1.cif.gz_A-2	LOKIASV2_3341_ESMFold_chemotaxis_response_regulator_protein-glutamate_methylesterase	1zcv-assembly1.cif.gz_A-2 apo form of a mutant of glycogenin in which Asp159 is replaced by Asn	0.097	76	54	159	234	1	61	1.880E+00	27
LOKIASV2_3341_ESMFold_chemotaxis_response_regulator_protein-glutamate_methylesterase	8cvz-assembly1.cif.gz_J	LOKIASV2_3341_ESMFold_chemotaxis_response_regulator_protein-glutamate_methylesterase	8cvz-assembly1.cif.gz_J Human glycogenin-1 and glycogen synthase-1 complex in the apo ordered state	0.123	76	53	159	234	1	61	1.045E+00	27
LOKIASV2_3341_ESMFold_chemotaxis_response_regulator_protein-glutamate_methylesterase	2v5j-assembly1.cif.gz_B	LOKIASV2_3341_ESMFold_chemotaxis_response_regulator_protein-glutamate_methylesterase	2v5j-assembly1.cif.gz_B Apo Class II aldolase HpcH	0.103	350	213	2	351	24	261	2.705E-01	27
LOKIASV2_3341_ESMFold_chemotaxis_response_regulator_protein-glutamate_methylesterase	4i6k-assembly1.cif.gz_A	LOKIASV2_3341_ESMFold_chemotaxis_response_regulator_protein-glutamate_methylesterase	4i6k-assembly1.cif.gz_A Crystal structure of probable 2-PYRONE-4,6-DICARBOXYLIC ACID HYDROLASE ABAYE1769 (TARGET EFI-505029) from Acinetobacter baumannii with citric acid bound	0.120	213	159	1	213	1	182	4.590E-01	27
LOKIASV2_3341_ESMFold_chemotaxis_response_regulator_protein-glutamate_methylesterase	6kj9-assembly2.cif.gz_D	LOKIASV2_3341_ESMFold_chemotaxis_response_regulator_protein-glutamate_methylesterase	6kj9-assembly2.cif.gz_D E. coli ATCase catalytic subunit mutant - G128/130A	0.101	348	210	2	349	42	276	7.789E-01	27
LOKIASV2_3341_ESMFold_chemotaxis_response_regulator_protein-glutamate_methylesterase	5ahn-assembly1.cif.gz_A	LOKIASV2_3341_ESMFold_chemotaxis_response_regulator_protein-glutamate_methylesterase	5ahn-assembly1.cif.gz_A IMP-bound form of the D199N mutant of IMPDH from Pseudomonas aeruginosa	0.105	202	171	5	206	44	235	8.760E-01	27
LOKIASV2_3341_ESMFold_chemotaxis_response_regulator_protein-glutamate_methylesterase	6ka1-assembly1.cif.gz_C	LOKIASV2_3341_ESMFold_chemotaxis_response_regulator_protein-glutamate_methylesterase	6ka1-assembly1.cif.gz_C E.coli Malate dehydrogenase	0.111	147	112	162	308	2	128	1.322E+00	27
LOKIASV2_3341_ESMFold_chemotaxis_response_regulator_protein-glutamate_methylesterase	6itl-assembly1.cif.gz_A-2	LOKIASV2_3341_ESMFold_chemotaxis_response_regulator_protein-glutamate_methylesterase	6itl-assembly1.cif.gz_A-2 Crystal structure of malate dehydrogenase from Mannheimia succiniciproducens in complex with NAD	0.124	146	117	163	308	2	136	6.925E-01	27
LOKIASV2_3341_ESMFold_chemotaxis_response_regulator_protein-glutamate_methylesterase	8tzr-assembly1.cif.gz_A	LOKIASV2_3341_ESMFold_chemotaxis_response_regulator_protein-glutamate_methylesterase	8tzr-assembly1.cif.gz_A Structure of human Wnt3a bound to WLS and CALR	0.083	36	32	238	273	200	235	3.191E+00	27
LOKIASV2_3341_ESMFold_chemotaxis_response_regulator_protein-glutamate_methylesterase	4my1-assembly1.cif.gz_A	LOKIASV2_3341_ESMFold_chemotaxis_response_regulator_protein-glutamate_methylesterase	4my1-assembly1.cif.gz_A Crystal Structure of the Inosine 5'-monophosphate Dehydrogenase, with a Internal Deletion of CBS Domain from Bacillus anthracis str. Ames complexed with P68	0.168	118	83	4	104	123	240	3.589E+00	27
LOKIASV2_3341_ESMFold_chemotaxis_response_regulator_protein-glutamate_methylesterase	1gyr-assembly3.cif.gz_C	LOKIASV2_3341_ESMFold_chemotaxis_response_regulator_protein-glutamate_methylesterase	1gyr-assembly3.cif.gz_C Mutant form of enoyl thioester reductase from Candida tropicalis	0.114	192	135	159	350	165	317	1.108E+00	27
LOKIASV2_3341_ESMFold_chemotaxis_response_regulator_protein-glutamate_methylesterase	2zu9-assembly1.cif.gz_A	LOKIASV2_3341_ESMFold_chemotaxis_response_regulator_protein-glutamate_methylesterase	2zu9-assembly1.cif.gz_A Crystal structure of mannosyl-3-phosphoglycerate synthase from Pyrococcus horikoshii	0.127	53	45	160	211	42	94	2.675E+00	27
LOKIASV2_3341_ESMFold_chemotaxis_response_regulator_protein-glutamate_methylesterase	7vm8-assembly1.cif.gz_A	LOKIASV2_3341_ESMFold_chemotaxis_response_regulator_protein-glutamate_methylesterase	7vm8-assembly1.cif.gz_A Crystal structure of the MtDMI1 gating ring	0.071	175	129	161	335	2	141	2.675E+00	27
LOKIASV2_3341_ESMFold_chemotaxis_response_regulator_protein-glutamate_methylesterase	2z86-assembly2.cif.gz_C	LOKIASV2_3341_ESMFold_chemotaxis_response_regulator_protein-glutamate_methylesterase	2z86-assembly2.cif.gz_C Crystal structure of chondroitin polymerase from Escherichia coli strain K4 (K4CP) complexed with UDP-GlcUA and UDP	0.162	149	122	88	236	7	152	7.875E-02	27
LOKIASV2_3341_ESMFold_chemotaxis_response_regulator_protein-glutamate_methylesterase	6mmv-assembly1.cif.gz_D	LOKIASV2_3341_ESMFold_chemotaxis_response_regulator_protein-glutamate_methylesterase	6mmv-assembly1.cif.gz_D Triheteromeric NMDA receptor GluN1/GluN2A/GluN2A* Extracellular Domain in the '2-Knuckle-Asymmetric' conformation, in complex with glycine and glutamate, in the presence of 1 micromolar zinc chloride, and at pH 7.4	0.115	213	187	1	212	1	213	6.530E-01	27
LOKIASV2_3341_ESMFold_chemotaxis_response_regulator_protein-glutamate_methylesterase	4naf-assembly1.cif.gz_A	LOKIASV2_3341_ESMFold_chemotaxis_response_regulator_protein-glutamate_methylesterase	4naf-assembly1.cif.gz_A PrcB from Geobacillus kaustophilus, apo structure	0.063	346	195	3	348	7	215	7.344E-01	26
LOKIASV2_3341_ESMFold_chemotaxis_response_regulator_protein-glutamate_methylesterase	4nv1-assembly2.cif.gz_F	LOKIASV2_3341_ESMFold_chemotaxis_response_regulator_protein-glutamate_methylesterase	4nv1-assembly2.cif.gz_F Crystal structure of a 4-N formyltransferase from Francisella tularensis	0.148	79	60	1	79	1	71	3.009E+00	26
LOKIASV2_3341_ESMFold_chemotaxis_response_regulator_protein-glutamate_methylesterase	3u2t-assembly1.cif.gz_A-2	LOKIASV2_3341_ESMFold_chemotaxis_response_regulator_protein-glutamate_methylesterase	3u2t-assembly1.cif.gz_A-2 Crystal Structure of Human Glycogenin-1 (GYG1) complexed with manganese	0.074	77	56	158	234	3	64	1.246E+00	26
LOKIASV2_3341_ESMFold_chemotaxis_response_regulator_protein-glutamate_methylesterase	3u2w-assembly1.cif.gz_A	LOKIASV2_3341_ESMFold_chemotaxis_response_regulator_protein-glutamate_methylesterase	3u2w-assembly1.cif.gz_A Crystal Structure of Human Glycogenin-1 (GYG1) complexed with manganese and glucose or a glucal species	0.121	77	54	159	235	1	62	9.290E-01	26
LOKIASV2_3341_ESMFold_chemotaxis_response_regulator_protein-glutamate_methylesterase	4qm1-assembly1.cif.gz_A	LOKIASV2_3341_ESMFold_chemotaxis_response_regulator_protein-glutamate_methylesterase	4qm1-assembly1.cif.gz_A Crystal Structure of the Inosine 5'-monophosphate Dehydrogenase with an Internal Deletion of the CBS Domain from Bacillus anthracis str. Ames complexed with inhibitor D67	0.104	122	89	5	126	51	150	7.263E+00	26
LOKIASV2_3341_ESMFold_chemotaxis_response_regulator_protein-glutamate_methylesterase	2poc-assembly1.cif.gz_D	LOKIASV2_3341_ESMFold_chemotaxis_response_regulator_protein-glutamate_methylesterase	2poc-assembly1.cif.gz_D The crystal structure of isomerase domain of glucosamine-6-phosphate synthase from Candida albicans	0.096	259	212	2	236	49	307	3.042E-01	26
LOKIASV2_3341_ESMFold_chemotaxis_response_regulator_protein-glutamate_methylesterase	3vhr-assembly1.cif.gz_A-2	LOKIASV2_3341_ESMFold_chemotaxis_response_regulator_protein-glutamate_methylesterase	3vhr-assembly1.cif.gz_A-2 Crystal Structure of capsular polysaccharide assembling protein CapF from Staphylococcus aureus in space group C2221	0.132	157	109	4	130	3	159	6.849E+00	26
LOKIASV2_3341_ESMFold_chemotaxis_response_regulator_protein-glutamate_methylesterase	3ik4-assembly5.cif.gz_B	LOKIASV2_3341_ESMFold_chemotaxis_response_regulator_protein-glutamate_methylesterase	3ik4-assembly5.cif.gz_B CRYSTAL STRUCTURE OF mandelate racemase/muconate lactonizing protein from Herpetosiphon aurantiacus	0.152	67	54	31	97	242	306	6.849E+00	26
LOKIASV2_3341_ESMFold_chemotaxis_response_regulator_protein-glutamate_methylesterase	2wvl-assembly1.cif.gz_A	LOKIASV2_3341_ESMFold_chemotaxis_response_regulator_protein-glutamate_methylesterase	2wvl-assembly1.cif.gz_A Mannosyl-3-phosphoglycerate synthase from Thermus thermophilus HB27 in complex with GDP-alpha-D-Mannose and Mg(II)	0.194	36	27	161	196	54	87	2.675E+00	26
LOKIASV2_3341_ESMFold_chemotaxis_response_regulator_protein-glutamate_methylesterase	7pxe-assembly1.cif.gz_A	LOKIASV2_3341_ESMFold_chemotaxis_response_regulator_protein-glutamate_methylesterase	7pxe-assembly1.cif.gz_A Ca2+ bound Drosophila Slo channel	0.083	477	319	2	350	286	762	3.848E-01	26
LOKIASV2_3341_ESMFold_chemotaxis_response_regulator_protein-glutamate_methylesterase	1tq8-assembly2.cif.gz_E-2	LOKIASV2_3341_ESMFold_chemotaxis_response_regulator_protein-glutamate_methylesterase	1tq8-assembly2.cif.gz_E-2 Crystal Structure of protein Rv1636 from Mycobacterium tuberculosis H37Rv	0.144	77	56	159	235	3	69	3.384E+00	25
LOKIASV2_3341_ESMFold_chemotaxis_response_regulator_protein-glutamate_methylesterase	4hx9-assembly2.cif.gz_D	LOKIASV2_3341_ESMFold_chemotaxis_response_regulator_protein-glutamate_methylesterase	4hx9-assembly2.cif.gz_D Designed Phosphodeoxyribosyltransferase	0.088	139	108	1	119	1	139	5.414E+00	25
LOKIASV2_3341_ESMFold_chemotaxis_response_regulator_protein-glutamate_methylesterase	6mw5-assembly1.cif.gz_A	LOKIASV2_3341_ESMFold_chemotaxis_response_regulator_protein-glutamate_methylesterase	6mw5-assembly1.cif.gz_A UDP-galactose:glucoside-Skp1 alpha-D-galactosyltransferase with bound UDP and Platinum	0.094	72	57	163	234	2	65	1.672E+00	25
LOKIASV2_3341_ESMFold_chemotaxis_response_regulator_protein-glutamate_methylesterase	5ndy-assembly1.cif.gz_F	LOKIASV2_3341_ESMFold_chemotaxis_response_regulator_protein-glutamate_methylesterase	5ndy-assembly1.cif.gz_F crystal structure of variants	0.100	225	172	161	352	17	241	1.108E+00	25
LOKIASV2_3341_ESMFold_chemotaxis_response_regulator_protein-glutamate_methylesterase	5c4n-assembly1.cif.gz_D	LOKIASV2_3341_ESMFold_chemotaxis_response_regulator_protein-glutamate_methylesterase	5c4n-assembly1.cif.gz_D CobK precorrin-6A reductase	0.062	348	222	1	348	1	238	1.108E+00	25
LOKIASV2_3341_ESMFold_chemotaxis_response_regulator_protein-glutamate_methylesterase	7lrn-assembly1.cif.gz_A	LOKIASV2_3341_ESMFold_chemotaxis_response_regulator_protein-glutamate_methylesterase	7lrn-assembly1.cif.gz_A Structure of the Siderophore Interacting Protein from Acinetbacter baumannii	0.115	138	84	156	293	101	196	1.672E+00	25
LOKIASV2_3341_ESMFold_chemotaxis_response_regulator_protein-glutamate_methylesterase	5nez-assembly1.cif.gz_E	LOKIASV2_3341_ESMFold_chemotaxis_response_regulator_protein-glutamate_methylesterase	5nez-assembly1.cif.gz_E crystal structure of variants	0.082	230	174	161	350	17	246	8.760E-01	25
LOKIASV2_3341_ESMFold_chemotaxis_response_regulator_protein-glutamate_methylesterase	7lrn-assembly2.cif.gz_B	LOKIASV2_3341_ESMFold_chemotaxis_response_regulator_protein-glutamate_methylesterase	7lrn-assembly2.cif.gz_B Structure of the Siderophore Interacting Protein from Acinetbacter baumannii	0.124	134	83	158	291	105	200	1.672E+00	25
LOKIASV2_3341_ESMFold_chemotaxis_response_regulator_protein-glutamate_methylesterase	3usq-assembly1.cif.gz_A	LOKIASV2_3341_ESMFold_chemotaxis_response_regulator_protein-glutamate_methylesterase	3usq-assembly1.cif.gz_A Structure of D159S/Y194F glycogenin mutant truncated at residue 270	0.073	76	56	159	234	1	61	6.530E-01	25
LOKIASV2_3341_ESMFold_chemotaxis_response_regulator_protein-glutamate_methylesterase	3qz6-assembly1.cif.gz_A	LOKIASV2_3341_ESMFold_chemotaxis_response_regulator_protein-glutamate_methylesterase	3qz6-assembly1.cif.gz_A The crystal structure of HpcH/HpaI aldolase from Desulfitobacterium hafniense DCB-2	0.114	352	214	2	353	13	255	7.789E-01	25
LOKIASV2_3341_ESMFold_chemotaxis_response_regulator_protein-glutamate_methylesterase	1ixc-assembly1.cif.gz_B-2	LOKIASV2_3341_ESMFold_chemotaxis_response_regulator_protein-glutamate_methylesterase	1ixc-assembly1.cif.gz_B-2 Crystal structure of CbnR, a LysR family transcriptional regulator	0.100	50	42	2	49	93	142	3.806E+00	25
LOKIASV2_3341_ESMFold_chemotaxis_response_regulator_protein-glutamate_methylesterase	2cmd-assembly1.cif.gz_A	LOKIASV2_3341_ESMFold_chemotaxis_response_regulator_protein-glutamate_methylesterase	2cmd-assembly1.cif.gz_A THE CRYSTAL STRUCTURE OF E.COLI MALATE DEHYDROGENASE: A COMPLEX OF THE APOENZYME AND CITRATE AT 1.87 ANGSTROMS RESOLUTION	0.115	146	119	163	308	2	136	6.925E-01	25
LOKIASV2_3341_ESMFold_chemotaxis_response_regulator_protein-glutamate_methylesterase	6g7q-assembly1.cif.gz_B	LOKIASV2_3341_ESMFold_chemotaxis_response_regulator_protein-glutamate_methylesterase	6g7q-assembly1.cif.gz_B Trichodesmium Tery_3377 (IdiA) (FutA) in complex with iron and citrate ligands.	0.108	110	69	4	113	4	81	2.522E+00	25
LOKIASV2_3341_ESMFold_chemotaxis_response_regulator_protein-glutamate_methylesterase	5vcs-assembly1.cif.gz_B	LOKIASV2_3341_ESMFold_chemotaxis_response_regulator_protein-glutamate_methylesterase	5vcs-assembly1.cif.gz_B Alpha-1,6-mannosyl-glycoprotein 2-beta-N-acetylglucosaminyltransferase with Bound Acceptor	0.113	73	54	160	232	29	90	1.246E+00	25
LOKIASV2_3341_ESMFold_chemotaxis_response_regulator_protein-glutamate_methylesterase	5ixy-assembly1.cif.gz_D	LOKIASV2_3341_ESMFold_chemotaxis_response_regulator_protein-glutamate_methylesterase	5ixy-assembly1.cif.gz_D Lactate Dehydrogenase in complex with hydroxylactam inhibitor compound 31: (2~{S})-5-(2-chlorophenyl)sulfanyl-2-(4-morpholin-4-ylphenyl)-4-oxidanyl-2-thiophen-3-yl-1,3-dihydropyridin-6-one	0.091	178	121	141	318	3	136	1.246E+00	25
LOKIASV2_3341_ESMFold_chemotaxis_response_regulator_protein-glutamate_methylesterase	5j5r-assembly1.cif.gz_A	LOKIASV2_3341_ESMFold_chemotaxis_response_regulator_protein-glutamate_methylesterase	5j5r-assembly1.cif.gz_A M. thermoresistible GuaB2 delta-CBS in complex with inhibitor VCC234718	0.089	305	169	5	309	52	238	1.486E+00	25
LOKIASV2_3341_ESMFold_chemotaxis_response_regulator_protein-glutamate_methylesterase	4my8-assembly2.cif.gz_C-3	LOKIASV2_3341_ESMFold_chemotaxis_response_regulator_protein-glutamate_methylesterase	4my8-assembly2.cif.gz_C-3 Crystal Structure of the Inosine 5'-monophosphate Dehydrogenase with an Internal Deletion of the CBS Domain from Bacillus anthracis str. Ames complexed with inhibitor Q21	0.168	116	83	4	104	124	239	5.105E+00	25
LOKIASV2_3341_ESMFold_chemotaxis_response_regulator_protein-glutamate_methylesterase	3dfy-assembly2.cif.gz_I	LOKIASV2_3341_ESMFold_chemotaxis_response_regulator_protein-glutamate_methylesterase	3dfy-assembly2.cif.gz_I Crystal structure of apo dipeptide epimerase from Thermotoga maritima	0.152	113	93	5	117	211	321	4.036E+00	25
LOKIASV2_3341_ESMFold_chemotaxis_response_regulator_protein-glutamate_methylesterase	4yrd-assembly1.cif.gz_A	LOKIASV2_3341_ESMFold_chemotaxis_response_regulator_protein-glutamate_methylesterase	4yrd-assembly1.cif.gz_A Crystal structure of CapF with inhibitor 3-isopropenyl-tropolone	0.134	170	120	3	141	2	171	4.814E+00	25
LOKIASV2_3341_ESMFold_chemotaxis_response_regulator_protein-glutamate_methylesterase	4myx-assembly1.cif.gz_D	LOKIASV2_3341_ESMFold_chemotaxis_response_regulator_protein-glutamate_methylesterase	4myx-assembly1.cif.gz_D Crystal Structure of the Inosine 5'-monophosphate Dehydrogenase, with a Internal Deletion of CBS Domain from Bacillus anthracis str. Ame complexed with P32	0.086	254	218	5	258	49	288	1.175E+00	25
LOKIASV2_3341_ESMFold_chemotaxis_response_regulator_protein-glutamate_methylesterase	3u9i-assembly1.cif.gz_B	LOKIASV2_3341_ESMFold_chemotaxis_response_regulator_protein-glutamate_methylesterase	3u9i-assembly1.cif.gz_B The crystal structure of Mandelate racemase/muconate lactonizing enzyme from Roseiflexus sp.	0.143	130	100	3	120	152	281	3.009E+00	25
LOKIASV2_3341_ESMFold_chemotaxis_response_regulator_protein-glutamate_methylesterase	2zu9-assembly1.cif.gz_B	LOKIASV2_3341_ESMFold_chemotaxis_response_regulator_protein-glutamate_methylesterase	2zu9-assembly1.cif.gz_B Crystal structure of mannosyl-3-phosphoglycerate synthase from Pyrococcus horikoshii	0.117	49	42	163	211	46	94	3.806E+00	25
LOKIASV2_3341_ESMFold_chemotaxis_response_regulator_protein-glutamate_methylesterase	2zu8-assembly1.cif.gz_A	LOKIASV2_3341_ESMFold_chemotaxis_response_regulator_protein-glutamate_methylesterase	2zu8-assembly1.cif.gz_A Crystal structure of mannosyl-3-phosphoglycerate synthase from Pyrococcus horikoshii	0.131	37	30	160	196	46	81	2.675E+00	25
LOKIASV2_3341_ESMFold_chemotaxis_response_regulator_protein-glutamate_methylesterase	3usb-assembly2.cif.gz_B	LOKIASV2_3341_ESMFold_chemotaxis_response_regulator_protein-glutamate_methylesterase	3usb-assembly2.cif.gz_B Crystal Structure of Bacillus anthracis Inosine Monophosphate Dehydrogenase in the complex with IMP	0.168	116	82	6	104	215	330	3.384E+00	25
LOKIASV2_3341_ESMFold_chemotaxis_response_regulator_protein-glutamate_methylesterase	6eje-assembly1.cif.gz_A	LOKIASV2_3341_ESMFold_chemotaxis_response_regulator_protein-glutamate_methylesterase	6eje-assembly1.cif.gz_A Human Xylosyltransferase 1 in complex with peptide PAAEGSGEQDFT	0.121	82	57	154	235	62	127	4.036E+00	25
LOKIASV2_3341_ESMFold_chemotaxis_response_regulator_protein-glutamate_methylesterase	2vp8-assembly1.cif.gz_A	LOKIASV2_3341_ESMFold_chemotaxis_response_regulator_protein-glutamate_methylesterase	2vp8-assembly1.cif.gz_A Structure of Mycobacterium tuberculosis Rv1207	0.091	233	176	2	234	16	210	5.475E-01	24
LOKIASV2_3341_ESMFold_chemotaxis_response_regulator_protein-glutamate_methylesterase	1rd5-assembly2.cif.gz_B	LOKIASV2_3341_ESMFold_chemotaxis_response_regulator_protein-glutamate_methylesterase	1rd5-assembly2.cif.gz_B Crystal structure of Tryptophan synthase alpha chain homolog BX1: a member of the chemical plant defense system	0.106	233	177	1	233	17	215	9.852E-01	24
LOKIASV2_3341_ESMFold_chemotaxis_response_regulator_protein-glutamate_methylesterase	4lu0-assembly1.cif.gz_C	LOKIASV2_3341_ESMFold_chemotaxis_response_regulator_protein-glutamate_methylesterase	4lu0-assembly1.cif.gz_C Crystal structure of 2-Keto-3-deoxy-D-manno-octulosonate-8-phosphate synthase from Pseudomonas aeruginosa.	0.072	352	217	1	352	16	250	1.045E+00	24
LOKIASV2_3341_ESMFold_chemotaxis_response_regulator_protein-glutamate_methylesterase	3rmw-assembly1.cif.gz_A-2	LOKIASV2_3341_ESMFold_chemotaxis_response_regulator_protein-glutamate_methylesterase	3rmw-assembly1.cif.gz_A-2 Crystal Structure of Human Glycogenin-1 (GYG1) T83M mutant complexed with manganese and UDP-glucose	0.109	75	53	160	234	3	62	1.773E+00	24
LOKIASV2_3341_ESMFold_chemotaxis_response_regulator_protein-glutamate_methylesterase	3u2w-assembly1.cif.gz_B	LOKIASV2_3341_ESMFold_chemotaxis_response_regulator_protein-glutamate_methylesterase	3u2w-assembly1.cif.gz_B Crystal Structure of Human Glycogenin-1 (GYG1) complexed with manganese and glucose or a glucal species	0.141	77	52	159	235	1	62	1.322E+00	24
LOKIASV2_3341_ESMFold_chemotaxis_response_regulator_protein-glutamate_methylesterase	7et9-assembly1.cif.gz_A	LOKIASV2_3341_ESMFold_chemotaxis_response_regulator_protein-glutamate_methylesterase	7et9-assembly1.cif.gz_A Crystal structure of AbHpaI-Zn-pyruvate complex, Class II aldolase, HpaI from Acinetobacter baumannii	0.107	210	153	1	210	16	187	1.880E+00	24
LOKIASV2_3341_ESMFold_chemotaxis_response_regulator_protein-glutamate_methylesterase	7ero-assembly1.cif.gz_C	LOKIASV2_3341_ESMFold_chemotaxis_response_regulator_protein-glutamate_methylesterase	7ero-assembly1.cif.gz_C Crystal structure of D-allulose 3-epimerase with D-allulose from Agrobacterium sp. SUL3	0.108	130	114	1	129	1	130	3.384E+00	24
LOKIASV2_3341_ESMFold_chemotaxis_response_regulator_protein-glutamate_methylesterase	5kka-assembly1.cif.gz_A	LOKIASV2_3341_ESMFold_chemotaxis_response_regulator_protein-glutamate_methylesterase	5kka-assembly1.cif.gz_A E. coli malate dehydrogenase with the inhibitor 6DHNAD	0.128	75	51	163	237	2	61	3.191E+00	24
LOKIASV2_3341_ESMFold_chemotaxis_response_regulator_protein-glutamate_methylesterase	7cgc-assembly3.cif.gz_C	LOKIASV2_3341_ESMFold_chemotaxis_response_regulator_protein-glutamate_methylesterase	7cgc-assembly3.cif.gz_C Silver-bound E. coli Malate dehydrogenase (C113 and C251)	0.122	145	105	163	307	2	122	1.672E+00	24
LOKIASV2_3341_ESMFold_chemotaxis_response_regulator_protein-glutamate_methylesterase	4air-assembly1.cif.gz_A	LOKIASV2_3341_ESMFold_chemotaxis_response_regulator_protein-glutamate_methylesterase	4air-assembly1.cif.gz_A Leishmania major cysteine synthase	0.128	221	174	36	236	53	273	7.344E-01	24
LOKIASV2_3341_ESMFold_chemotaxis_response_regulator_protein-glutamate_methylesterase	3hhp-assembly2.cif.gz_D	LOKIASV2_3341_ESMFold_chemotaxis_response_regulator_protein-glutamate_methylesterase	3hhp-assembly2.cif.gz_D Malate dehydrogenase open conformation	0.152	146	109	163	308	2	131	2.378E+00	24
LOKIASV2_3341_ESMFold_chemotaxis_response_regulator_protein-glutamate_methylesterase	7li0-assembly1.cif.gz_A	LOKIASV2_3341_ESMFold_chemotaxis_response_regulator_protein-glutamate_methylesterase	7li0-assembly1.cif.gz_A Crystal structure of apo Moraxella catarrhalis ferric binding protein A in an open conformation	0.110	107	67	3	109	2	77	4.539E+00	24
LOKIASV2_3341_ESMFold_chemotaxis_response_regulator_protein-glutamate_methylesterase	1mld-assembly3.cif.gz_B	LOKIASV2_3341_ESMFold_chemotaxis_response_regulator_protein-glutamate_methylesterase	1mld-assembly3.cif.gz_B REFINED STRUCTURE OF MITOCHONDRIAL MALATE DEHYDROGENASE FROM PORCINE HEART AND THE CONSENSUS STRUCTURE FOR DICARBOXYLIC ACID OXIDOREDUCTASES	0.112	157	105	162	318	2	120	1.880E+00	24
LOKIASV2_3341_ESMFold_chemotaxis_response_regulator_protein-glutamate_methylesterase	4s1w-assembly1.cif.gz_A	LOKIASV2_3341_ESMFold_chemotaxis_response_regulator_protein-glutamate_methylesterase	4s1w-assembly1.cif.gz_A Structure of a putative Glutamine--Fructose-6-Phosphate Aminotransferase from Staphylococcus aureus subsp. aureus Mu50	0.088	266	212	3	235	46	311	1.994E+00	24
LOKIASV2_3341_ESMFold_chemotaxis_response_regulator_protein-glutamate_methylesterase	5uuv-assembly1.cif.gz_A	LOKIASV2_3341_ESMFold_chemotaxis_response_regulator_protein-glutamate_methylesterase	5uuv-assembly1.cif.gz_A Crystal Structure of the Catalytic Domain of the Inosine Monophosphate Dehydrogenase from Bacillus anthracis in the complex with a product IMP and the inhibitor P182	0.078	225	206	35	258	58	282	1.322E+00	24
LOKIASV2_3341_ESMFold_chemotaxis_response_regulator_protein-glutamate_methylesterase	5vcm-assembly1.cif.gz_A	LOKIASV2_3341_ESMFold_chemotaxis_response_regulator_protein-glutamate_methylesterase	5vcm-assembly1.cif.gz_A Alpha-1,6-mannosyl-glycoprotein 2-beta-N-acetylglucosaminyltransferase with bound UDP and Manganese	0.120	76	56	157	232	23	87	1.045E+00	24
LOKIASV2_3341_ESMFold_chemotaxis_response_regulator_protein-glutamate_methylesterase	4zqn-assembly1.cif.gz_A	LOKIASV2_3341_ESMFold_chemotaxis_response_regulator_protein-glutamate_methylesterase	4zqn-assembly1.cif.gz_A Crystal Structure of the Catalytic Domain of the Inosine Monophosphate Dehydrogenase from Mycobacterium tuberculosis in the complex with IMP and the inhibitor P41	0.110	305	166	5	309	53	239	1.402E+00	24
LOKIASV2_3341_ESMFold_chemotaxis_response_regulator_protein-glutamate_methylesterase	2zu7-assembly1.cif.gz_B	LOKIASV2_3341_ESMFold_chemotaxis_response_regulator_protein-glutamate_methylesterase	2zu7-assembly1.cif.gz_B Crystal structure of mannosyl-3-phosphoglycerate synthase from Pyrococcus horikoshii	0.131	37	30	160	196	43	78	3.009E+00	24
LOKIASV2_3341_ESMFold_chemotaxis_response_regulator_protein-glutamate_methylesterase	7aoi-assembly1.cif.gz_XL	LOKIASV2_3341_ESMFold_chemotaxis_response_regulator_protein-glutamate_methylesterase	7aoi-assembly1.cif.gz_XL Trypanosoma brucei mitochondrial ribosome large subunit assembly intermediate	0.100	372	311	2	347	64	435	7.344E-01	24
LOKIASV2_3341_ESMFold_chemotaxis_response_regulator_protein-glutamate_methylesterase	6ejd-assembly1.cif.gz_A	LOKIASV2_3341_ESMFold_chemotaxis_response_regulator_protein-glutamate_methylesterase	6ejd-assembly1.cif.gz_A Human Xylosyltransferase 1 in complex with peptide QEEEGSGGPQGG	0.118	76	52	160	235	65	124	5.105E+00	24
LOKIASV2_3341_ESMFold_chemotaxis_response_regulator_protein-glutamate_methylesterase	4xz9-assembly1.cif.gz_D	LOKIASV2_3341_ESMFold_chemotaxis_response_regulator_protein-glutamate_methylesterase	4xz9-assembly1.cif.gz_D Transaldolase variant E60Q/F132Y from T. acidophilum in complex with DHA Schiff base and G3P	0.112	156	107	6	126	3	158	2.243E+00	23
LOKIASV2_3341_ESMFold_chemotaxis_response_regulator_protein-glutamate_methylesterase	8k8k-assembly1.cif.gz_A	LOKIASV2_3341_ESMFold_chemotaxis_response_regulator_protein-glutamate_methylesterase	8k8k-assembly1.cif.gz_A Structure of Klebsiella pneumonia ModA	0.066	45	41	1	45	1	45	9.188E+00	23
LOKIASV2_3341_ESMFold_chemotaxis_response_regulator_protein-glutamate_methylesterase	5vm8-assembly3.cif.gz_A	LOKIASV2_3341_ESMFold_chemotaxis_response_regulator_protein-glutamate_methylesterase	5vm8-assembly3.cif.gz_A Crystal structure of a Ribosomal RNA small subunit methyltransferase E from Neisseria gonorrhoeae bound to S-adenosyl methionine	0.114	59	48	160	214	76	134	2.522E+00	23
LOKIASV2_3341_ESMFold_chemotaxis_response_regulator_protein-glutamate_methylesterase	5c4r-assembly1.cif.gz_A	LOKIASV2_3341_ESMFold_chemotaxis_response_regulator_protein-glutamate_methylesterase	5c4r-assembly1.cif.gz_A CobK precorrin-6A reductase	0.097	348	214	1	348	1	238	6.925E-01	23
LOKIASV2_3341_ESMFold_chemotaxis_response_regulator_protein-glutamate_methylesterase	3rmv-assembly1.cif.gz_A-2	LOKIASV2_3341_ESMFold_chemotaxis_response_regulator_protein-glutamate_methylesterase	3rmv-assembly1.cif.gz_A-2 Crystal Structure of Human Glycogenin-1 (GYG1) T83M mutant complexed with manganese and UDP	0.105	75	53	160	234	3	62	1.880E+00	23
LOKIASV2_3341_ESMFold_chemotaxis_response_regulator_protein-glutamate_methylesterase	4b5x-assembly1.cif.gz_B	LOKIASV2_3341_ESMFold_chemotaxis_response_regulator_protein-glutamate_methylesterase	4b5x-assembly1.cif.gz_B Crystal structures of divalent metal dependent pyruvate aldolase (HpaI), mutant D42A	0.090	352	217	2	353	15	253	1.045E+00	23
LOKIASV2_3341_ESMFold_chemotaxis_response_regulator_protein-glutamate_methylesterase	1u9y-assembly1.cif.gz_A	LOKIASV2_3341_ESMFold_chemotaxis_response_regulator_protein-glutamate_methylesterase	1u9y-assembly1.cif.gz_A Crystal Structure of Phosphoribosyl Diphosphate Synthase from Methanocaldococcus jannaschii	0.109	336	226	4	339	2	256	1.108E+00	23
LOKIASV2_3341_ESMFold_chemotaxis_response_regulator_protein-glutamate_methylesterase	5z3w-assembly2.cif.gz_B	LOKIASV2_3341_ESMFold_chemotaxis_response_regulator_protein-glutamate_methylesterase	5z3w-assembly2.cif.gz_B Malate dehydrogenase binds silver at C113	0.070	150	95	163	312	2	104	4.036E+00	23
LOKIASV2_3341_ESMFold_chemotaxis_response_regulator_protein-glutamate_methylesterase	4qq3-assembly1.cif.gz_A	LOKIASV2_3341_ESMFold_chemotaxis_response_regulator_protein-glutamate_methylesterase	4qq3-assembly1.cif.gz_A Inosine 5'-monophosphate dehydrogenase from Vibrio cholerae, deletion mutant, in complex with XMP	0.094	315	200	35	349	54	275	1.486E+00	23
LOKIASV2_3341_ESMFold_chemotaxis_response_regulator_protein-glutamate_methylesterase	6hl7-assembly1.cif.gz_B	LOKIASV2_3341_ESMFold_chemotaxis_response_regulator_protein-glutamate_methylesterase	6hl7-assembly1.cif.gz_B Crystal structure of truncated aspartate transcarbamoylase from Plasmodium falciparum with mutated active site (R109A/K138A) and N-carbamoyl-L-phosphate bound	0.149	163	106	1	126	50	212	1.576E+00	23
LOKIASV2_3341_ESMFold_chemotaxis_response_regulator_protein-glutamate_methylesterase	6d4r-assembly1.cif.gz_A	LOKIASV2_3341_ESMFold_chemotaxis_response_regulator_protein-glutamate_methylesterase	6d4r-assembly1.cif.gz_A M. thermoresistible GuaB2 delta-CBS in complex with inhibitor Compound 18 (VCC399134)	0.089	305	169	5	309	51	237	2.243E+00	23
LOKIASV2_3341_ESMFold_chemotaxis_response_regulator_protein-glutamate_methylesterase	5vcr-assembly2.cif.gz_B	LOKIASV2_3341_ESMFold_chemotaxis_response_regulator_protein-glutamate_methylesterase	5vcr-assembly2.cif.gz_B Alpha-1,6-mannosyl-glycoprotein 2-beta-N-acetylglucosaminyltransferase with bound uranium dioxide	0.112	73	54	160	232	30	91	1.246E+00	23
LOKIASV2_3341_ESMFold_chemotaxis_response_regulator_protein-glutamate_methylesterase	5uzs-assembly1.cif.gz_C	LOKIASV2_3341_ESMFold_chemotaxis_response_regulator_protein-glutamate_methylesterase	5uzs-assembly1.cif.gz_C Crystal Structure of Inosine 5'-monophosphate Dehydrogenase from Clostridium perfringens Complexed with IMP and P200	0.103	254	212	5	258	47	283	7.789E-01	23
LOKIASV2_3341_ESMFold_chemotaxis_response_regulator_protein-glutamate_methylesterase	6xh5-assembly1.cif.gz_A	LOKIASV2_3341_ESMFold_chemotaxis_response_regulator_protein-glutamate_methylesterase	6xh5-assembly1.cif.gz_A Hierarchical design of multi-scale protein complexes by combinatorial assembly of oligomeric helical bundle and repeat protein building blocks	0.100	231	150	4	234	157	324	9.852E-01	23
LOKIASV2_3341_ESMFold_chemotaxis_response_regulator_protein-glutamate_methylesterase	5vcr-assembly1.cif.gz_A	LOKIASV2_3341_ESMFold_chemotaxis_response_regulator_protein-glutamate_methylesterase	5vcr-assembly1.cif.gz_A Alpha-1,6-mannosyl-glycoprotein 2-beta-N-acetylglucosaminyltransferase with bound uranium dioxide	0.100	73	55	160	232	32	93	1.322E+00	23
LOKIASV2_3341_ESMFold_chemotaxis_response_regulator_protein-glutamate_methylesterase	4zqr-assembly1.cif.gz_C	LOKIASV2_3341_ESMFold_chemotaxis_response_regulator_protein-glutamate_methylesterase	4zqr-assembly1.cif.gz_C Crystal Structure of the Catalytic Domain of the Inosine Monophosphate Dehydrogenase from Mycobacterium tuberculosis	0.114	305	165	5	309	55	241	1.880E+00	23
LOKIASV2_3341_ESMFold_chemotaxis_response_regulator_protein-glutamate_methylesterase	2ps2-assembly1.cif.gz_A	LOKIASV2_3341_ESMFold_chemotaxis_response_regulator_protein-glutamate_methylesterase	2ps2-assembly1.cif.gz_A Crystal structure of putative mandelate racemase/muconate lactonizing enzyme from Aspergillus oryzae	0.109	269	200	5	273	129	354	2.705E-01	23
LOKIASV2_3341_ESMFold_chemotaxis_response_regulator_protein-glutamate_methylesterase	2zu7-assembly1.cif.gz_A	LOKIASV2_3341_ESMFold_chemotaxis_response_regulator_protein-glutamate_methylesterase	2zu7-assembly1.cif.gz_A Crystal structure of mannosyl-3-phosphoglycerate synthase from Pyrococcus horikoshii	0.111	36	29	161	196	46	79	4.814E+00	23
LOKIASV2_3341_ESMFold_chemotaxis_response_regulator_protein-glutamate_methylesterase	6jig-assembly1.cif.gz_A	LOKIASV2_3341_ESMFold_chemotaxis_response_regulator_protein-glutamate_methylesterase	6jig-assembly1.cif.gz_A Crystal structure of GMP reductase C318A from Trypanosoma brucei in complex with guanosine 5'-monophosphate	0.154	167	112	4	136	253	419	2.837E+00	23
LOKIASV2_3341_ESMFold_chemotaxis_response_regulator_protein-glutamate_methylesterase	8g8f-assembly1.cif.gz_F	LOKIASV2_3341_ESMFold_chemotaxis_response_regulator_protein-glutamate_methylesterase	8g8f-assembly1.cif.gz_F Human IMPDH2 mutant - L245P, treated with ATP, IMP, and NAD+; extended filament segment reconstruction	0.093	261	231	5	265	176	431	8.260E-01	23
LOKIASV2_3341_ESMFold_chemotaxis_response_regulator_protein-glutamate_methylesterase	8e98-assembly1.cif.gz_D	LOKIASV2_3341_ESMFold_chemotaxis_response_regulator_protein-glutamate_methylesterase	8e98-assembly1.cif.gz_D D-cycloserine and glutamate bound Human GluN1a-GluN2C NMDA receptor in nanodisc - intact conformation	0.087	229	178	1	196	1	229	1.045E+00	23
LOKIASV2_3341_ESMFold_chemotaxis_response_regulator_protein-glutamate_methylesterase	7au2-assembly1.cif.gz_A	LOKIASV2_3341_ESMFold_chemotaxis_response_regulator_protein-glutamate_methylesterase	7au2-assembly1.cif.gz_A Cryo-EM structure of human exostosin-like 3 (EXTL3)	0.091	309	176	2	196	166	474	2.869E-01	23
LOKIASV2_3341_ESMFold_chemotaxis_response_regulator_protein-glutamate_methylesterase	6why-assembly1.cif.gz_D	LOKIASV2_3341_ESMFold_chemotaxis_response_regulator_protein-glutamate_methylesterase	6why-assembly1.cif.gz_D GluN1b-GluN2B NMDA receptor in complex with GluN1 antagonist L689,560, class 1	0.102	248	216	3	250	2	242	5.475E-01	23
LOKIASV2_3341_ESMFold_chemotaxis_response_regulator_protein-glutamate_methylesterase	3w02-assembly1.cif.gz_B	LOKIASV2_3341_ESMFold_chemotaxis_response_regulator_protein-glutamate_methylesterase	3w02-assembly1.cif.gz_B Crystal structure of PcrB complexed with SO4 from Staphylococcus aureus subsp. aureus Mu3	0.082	348	198	2	349	8	224	1.880E+00	22
LOKIASV2_3341_ESMFold_chemotaxis_response_regulator_protein-glutamate_methylesterase	6geh-assembly1.cif.gz_A	LOKIASV2_3341_ESMFold_chemotaxis_response_regulator_protein-glutamate_methylesterase	6geh-assembly1.cif.gz_A Structure and reactivity of a siderophore-interacting protein from the marine bacterium Shewanella reveals unanticipated functional versatility.	0.127	86	54	149	234	110	172	3.191E+00	22
LOKIASV2_3341_ESMFold_chemotaxis_response_regulator_protein-glutamate_methylesterase	1tjr-assembly1.cif.gz_A	LOKIASV2_3341_ESMFold_chemotaxis_response_regulator_protein-glutamate_methylesterase	1tjr-assembly1.cif.gz_A Crystal structure of wild-type BX1 complexed with a sulfate ion	0.118	349	205	1	349	17	249	9.290E-01	22
LOKIASV2_3341_ESMFold_chemotaxis_response_regulator_protein-glutamate_methylesterase	3pqe-assembly1.cif.gz_D	LOKIASV2_3341_ESMFold_chemotaxis_response_regulator_protein-glutamate_methylesterase	3pqe-assembly1.cif.gz_D Crystal structure of L-lactate dehydrogenase from Bacillus subtilis with H171C mutation	0.067	161	109	158	318	1	118	3.806E+00	22
LOKIASV2_3341_ESMFold_chemotaxis_response_regulator_protein-glutamate_methylesterase	3wsv-assembly1.cif.gz_B	LOKIASV2_3341_ESMFold_chemotaxis_response_regulator_protein-glutamate_methylesterase	3wsv-assembly1.cif.gz_B Crystal structure of minor L-lactate dehydrogenase from Enterococcus mundtii in the ligands-unbound form	0.100	159	108	160	318	3	123	3.191E+00	22
LOKIASV2_3341_ESMFold_chemotaxis_response_regulator_protein-glutamate_methylesterase	4mjm-assembly1.cif.gz_D	LOKIASV2_3341_ESMFold_chemotaxis_response_regulator_protein-glutamate_methylesterase	4mjm-assembly1.cif.gz_D Crystal Structure of the Inosine 5'-monophosphate Dehydrogenase, with a Short Internal Deletion of CBS Domain from Bacillus anthracis str. Ames	0.176	118	85	7	110	138	255	6.090E+00	22
LOKIASV2_3341_ESMFold_chemotaxis_response_regulator_protein-glutamate_methylesterase	4qm1-assembly1.cif.gz_C	LOKIASV2_3341_ESMFold_chemotaxis_response_regulator_protein-glutamate_methylesterase	4qm1-assembly1.cif.gz_C Crystal Structure of the Inosine 5'-monophosphate Dehydrogenase with an Internal Deletion of the CBS Domain from Bacillus anthracis str. Ames complexed with inhibitor D67	0.093	277	224	5	281	49	296	1.880E+00	22
LOKIASV2_3341_ESMFold_chemotaxis_response_regulator_protein-glutamate_methylesterase	5upu-assembly1.cif.gz_A	LOKIASV2_3341_ESMFold_chemotaxis_response_regulator_protein-glutamate_methylesterase	5upu-assembly1.cif.gz_A Crystal Structure of the Catalytic Domain of the Inosine Monophosphate Dehydrogenase from Mycobacterium tuberculosis in the presence of TBK6	0.113	305	165	5	309	53	239	2.243E+00	22
LOKIASV2_3341_ESMFold_chemotaxis_response_regulator_protein-glutamate_methylesterase	8fdb-assembly1.cif.gz_B	LOKIASV2_3341_ESMFold_chemotaxis_response_regulator_protein-glutamate_methylesterase	8fdb-assembly1.cif.gz_B CRYSTAL STRUCTURE OF NAGB-II PHOSPHOSUGAR ISOMERASE FROM Shewanella denitrificans OS217 IN COMPLEX WITH GLUCITOLAMINE-6-PHOSPHATE AT 3.06 A RESOLUTION.	0.093	238	191	2	213	42	279	7.789E-01	22
LOKIASV2_3341_ESMFold_chemotaxis_response_regulator_protein-glutamate_methylesterase	4q33-assembly2.cif.gz_E	LOKIASV2_3341_ESMFold_chemotaxis_response_regulator_protein-glutamate_methylesterase	4q33-assembly2.cif.gz_E Crystal Structure of Inosine 5'-monophosphate Dehydrogenase from Clostridium perfringens Complexed with IMP and A110	0.094	281	216	5	285	68	306	1.108E+00	22
LOKIASV2_3341_ESMFold_chemotaxis_response_regulator_protein-glutamate_methylesterase	5uwx-assembly1.cif.gz_C	LOKIASV2_3341_ESMFold_chemotaxis_response_regulator_protein-glutamate_methylesterase	5uwx-assembly1.cif.gz_C Crystal Structure of Inosine 5'-monophosphate Dehydrogenase from Clostridium perfringens Complexed with IMP and P176	0.100	254	211	5	258	47	281	1.322E+00	22
LOKIASV2_3341_ESMFold_chemotaxis_response_regulator_protein-glutamate_methylesterase	7mtx-assembly1.cif.gz_D	LOKIASV2_3341_ESMFold_chemotaxis_response_regulator_protein-glutamate_methylesterase	7mtx-assembly1.cif.gz_D Crystal Structure of the Catalytic Domain of the Inosine Monophosphate Dehydrogenase from Bacillus anthracis in the complex with IMP and the inhibitor P176	0.079	307	172	5	311	49	236	1.773E+00	22
LOKIASV2_3341_ESMFold_chemotaxis_response_regulator_protein-glutamate_methylesterase	4my1-assembly1.cif.gz_B	LOKIASV2_3341_ESMFold_chemotaxis_response_regulator_protein-glutamate_methylesterase	4my1-assembly1.cif.gz_B Crystal Structure of the Inosine 5'-monophosphate Dehydrogenase, with a Internal Deletion of CBS Domain from Bacillus anthracis str. Ames complexed with P68	0.158	116	84	4	104	125	240	6.090E+00	22
LOKIASV2_3341_ESMFold_chemotaxis_response_regulator_protein-glutamate_methylesterase	7mtx-assembly2.cif.gz_E	LOKIASV2_3341_ESMFold_chemotaxis_response_regulator_protein-glutamate_methylesterase	7mtx-assembly2.cif.gz_E Crystal Structure of the Catalytic Domain of the Inosine Monophosphate Dehydrogenase from Bacillus anthracis in the complex with IMP and the inhibitor P176	0.079	307	172	5	311	50	237	1.773E+00	22
LOKIASV2_3341_ESMFold_chemotaxis_response_regulator_protein-glutamate_methylesterase	5upv-assembly1.cif.gz_A	LOKIASV2_3341_ESMFold_chemotaxis_response_regulator_protein-glutamate_methylesterase	5upv-assembly1.cif.gz_A Crystal Structure of the Catalytic Domain of the Inosine Monophosphate Dehydrogenase from Mycobacterium tuberculosis In the presence of G36	0.120	305	164	5	309	54	240	2.378E+00	22
LOKIASV2_3341_ESMFold_chemotaxis_response_regulator_protein-glutamate_methylesterase	4myx-assembly2.cif.gz_G	LOKIASV2_3341_ESMFold_chemotaxis_response_regulator_protein-glutamate_methylesterase	4myx-assembly2.cif.gz_G Crystal Structure of the Inosine 5'-monophosphate Dehydrogenase, with a Internal Deletion of CBS Domain from Bacillus anthracis str. Ame complexed with P32	0.169	118	83	4	104	125	242	5.105E+00	22
LOKIASV2_3341_ESMFold_chemotaxis_response_regulator_protein-glutamate_methylesterase	6u8e-assembly1.cif.gz_A	LOKIASV2_3341_ESMFold_chemotaxis_response_regulator_protein-glutamate_methylesterase	6u8e-assembly1.cif.gz_A Human IMPDH2 treated with ATP, IMP, and NAD+. Filament assembly interface reconstruction.	0.127	235	169	24	258	116	310	1.773E+00	22
LOKIASV2_3341_ESMFold_chemotaxis_response_regulator_protein-glutamate_methylesterase	1kh2-assembly1.cif.gz_D	LOKIASV2_3341_ESMFold_chemotaxis_response_regulator_protein-glutamate_methylesterase	1kh2-assembly1.cif.gz_D Crystal Structure of Thermus thermophilus HB8 Argininosuccinate Synthetase in complex with ATP	0.101	158	105	3	120	2	159	7.263E+00	22
LOKIASV2_3341_ESMFold_chemotaxis_response_regulator_protein-glutamate_methylesterase	4pg6-assembly1.cif.gz_A	LOKIASV2_3341_ESMFold_chemotaxis_response_regulator_protein-glutamate_methylesterase	4pg6-assembly1.cif.gz_A Crystal structure of S. aureus Homoserine Dehydrogenase at pH7.0	0.090	119	106	2	120	5	122	4.280E+00	22
LOKIASV2_3341_ESMFold_chemotaxis_response_regulator_protein-glutamate_methylesterase	3etc-assembly3.cif.gz_B	LOKIASV2_3341_ESMFold_chemotaxis_response_regulator_protein-glutamate_methylesterase	3etc-assembly3.cif.gz_B 2.1 A structure of acyl-adenylate synthetase from Methanosarcina acetivorans containing a link between Lys256 and Cys298	0.094	301	227	2	252	88	388	4.868E-01	22
LOKIASV2_3341_ESMFold_chemotaxis_response_regulator_protein-glutamate_methylesterase	7cnp-assembly1.cif.gz_A	LOKIASV2_3341_ESMFold_chemotaxis_response_regulator_protein-glutamate_methylesterase	7cnp-assembly1.cif.gz_A Crystal structure of Agrobacterium tumefaciens aconitase X (apo-form)	0.087	209	171	49	236	188	396	4.328E-01	22
LOKIASV2_3341_ESMFold_chemotaxis_response_regulator_protein-glutamate_methylesterase	6eja-assembly1.cif.gz_A	LOKIASV2_3341_ESMFold_chemotaxis_response_regulator_protein-glutamate_methylesterase	6eja-assembly1.cif.gz_A Human Xylosyltransferase 1 in complex with peptide QEEEYSGGGQGG	0.118	76	52	160	235	68	127	8.169E+00	22
LOKIASV2_3341_ESMFold_chemotaxis_response_regulator_protein-glutamate_methylesterase	6ejc-assembly1.cif.gz_A	LOKIASV2_3341_ESMFold_chemotaxis_response_regulator_protein-glutamate_methylesterase	6ejc-assembly1.cif.gz_A Human Xylosyltransferase 1 in complex with peptide QEEEGSGVGQGG	0.118	76	52	160	235	72	131	7.263E+00	22
LOKIASV2_3341_ESMFold_chemotaxis_response_regulator_protein-glutamate_methylesterase	8ghg-assembly1.cif.gz_A	LOKIASV2_3341_ESMFold_chemotaxis_response_regulator_protein-glutamate_methylesterase	8ghg-assembly1.cif.gz_A Cryo-EM structure of hSlo1 in digitonin, Ca2+-free and EDTA-free	0.076	463	322	2	351	252	714	7.344E-01	22
LOKIASV2_3341_ESMFold_chemotaxis_response_regulator_protein-glutamate_methylesterase	6v35-assembly1.cif.gz_A	LOKIASV2_3341_ESMFold_chemotaxis_response_regulator_protein-glutamate_methylesterase	6v35-assembly1.cif.gz_A Cryo-EM structure of Ca2+-free hsSlo1-beta4 channel complex	0.084	503	319	2	350	286	788	9.852E-01	22
LOKIASV2_3341_ESMFold_chemotaxis_response_regulator_protein-glutamate_methylesterase	1men-assembly1.cif.gz_A	LOKIASV2_3341_ESMFold_chemotaxis_response_regulator_protein-glutamate_methylesterase	1men-assembly1.cif.gz_A complex structure of human GAR Tfase and substrate beta-GAR	0.153	51	42	161	210	1	51	3.009E+00	21
LOKIASV2_3341_ESMFold_chemotaxis_response_regulator_protein-glutamate_methylesterase	4dbd-assembly1.cif.gz_A-2	LOKIASV2_3341_ESMFold_chemotaxis_response_regulator_protein-glutamate_methylesterase	4dbd-assembly1.cif.gz_A-2 Crystal structure of orotidine 5'-monophosphate decarboxylase from Sulfolobus solfataricus	0.074	209	115	1	125	1	209	1.486E+00	21
LOKIASV2_3341_ESMFold_chemotaxis_response_regulator_protein-glutamate_methylesterase	3t7n-assembly1.cif.gz_B	LOKIASV2_3341_ESMFold_chemotaxis_response_regulator_protein-glutamate_methylesterase	3t7n-assembly1.cif.gz_B Crystal Structure of Human Glycogenin-1 (GYG1) complexed with manganese and UDP, in a monoclinic closed form	0.142	76	51	159	234	1	61	2.675E+00	21
LOKIASV2_3341_ESMFold_chemotaxis_response_regulator_protein-glutamate_methylesterase	4lsb-assembly1.cif.gz_A	LOKIASV2_3341_ESMFold_chemotaxis_response_regulator_protein-glutamate_methylesterase	4lsb-assembly1.cif.gz_A Crystal structure of a putative lyase/mutase from Burkholderia cenocepacia J2315	0.132	139	110	3	130	109	247	5.742E+00	21
LOKIASV2_3341_ESMFold_chemotaxis_response_regulator_protein-glutamate_methylesterase	6gq0-assembly1.cif.gz_A	LOKIASV2_3341_ESMFold_chemotaxis_response_regulator_protein-glutamate_methylesterase	6gq0-assembly1.cif.gz_A Crystal structure of GanP, a glucose-galactose binding protein from Geobacillus stearothermophilus	0.093	348	226	2	349	4	253	3.009E+00	21
LOKIASV2_3341_ESMFold_chemotaxis_response_regulator_protein-glutamate_methylesterase	5ou3-assembly1.cif.gz_A	LOKIASV2_3341_ESMFold_chemotaxis_response_regulator_protein-glutamate_methylesterase	5ou3-assembly1.cif.gz_A M. thermoresistible IMPDH in complex with IMP and Compound 31 (AT080)	0.090	305	169	5	309	52	238	3.384E+00	21
LOKIASV2_3341_ESMFold_chemotaxis_response_regulator_protein-glutamate_methylesterase	2poc-assembly1.cif.gz_A	LOKIASV2_3341_ESMFold_chemotaxis_response_regulator_protein-glutamate_methylesterase	2poc-assembly1.cif.gz_A The crystal structure of isomerase domain of glucosamine-6-phosphate synthase from Candida albicans	0.087	259	214	2	236	50	308	4.590E-01	21
LOKIASV2_3341_ESMFold_chemotaxis_response_regulator_protein-glutamate_methylesterase	6mgu-assembly1.cif.gz_A	LOKIASV2_3341_ESMFold_chemotaxis_response_regulator_protein-glutamate_methylesterase	6mgu-assembly1.cif.gz_A Crystal Structure of the Catalytic Domain of the Inosine Monophosphate Dehydrogenase from Bacillus Anthracis in the complex with inhibitor Oxanosine monophosphate	0.077	254	217	5	258	49	284	2.522E+00	21
LOKIASV2_3341_ESMFold_chemotaxis_response_regulator_protein-glutamate_methylesterase	5urs-assembly2.cif.gz_E	LOKIASV2_3341_ESMFold_chemotaxis_response_regulator_protein-glutamate_methylesterase	5urs-assembly2.cif.gz_E Crystal Structure of the Catalytic Domain of the Inosine Monophosphate Dehydrogenase from Bacillus anthracis in the complex with IMP and the inhibitor P178	0.092	245	201	5	249	51	272	3.384E+00	21
LOKIASV2_3341_ESMFold_chemotaxis_response_regulator_protein-glutamate_methylesterase	4my9-assembly1.cif.gz_B	LOKIASV2_3341_ESMFold_chemotaxis_response_regulator_protein-glutamate_methylesterase	4my9-assembly1.cif.gz_B Crystal Structure of the Inosine 5'-monophosphate Dehydrogenase with an Internal Deletion of the CBS Domain from Bacillus anthracis str. Ames complexed with inhibitor C91	0.084	332	173	5	336	48	237	2.243E+00	21
LOKIASV2_3341_ESMFold_chemotaxis_response_regulator_protein-glutamate_methylesterase	4zqp-assembly1.cif.gz_A	LOKIASV2_3341_ESMFold_chemotaxis_response_regulator_protein-glutamate_methylesterase	4zqp-assembly1.cif.gz_A Crystal Structure of the Catalytic Domain of the Inosine Monophosphate Dehydrogenase from Mycobacterium tuberculosis in the complex with IMP and the inhibitor MAD1	0.108	340	242	5	344	53	324	1.402E+00	21
LOKIASV2_3341_ESMFold_chemotaxis_response_regulator_protein-glutamate_methylesterase	3s5s-assembly1.cif.gz_B	LOKIASV2_3341_ESMFold_chemotaxis_response_regulator_protein-glutamate_methylesterase	3s5s-assembly1.cif.gz_B Crystal structure of putative mandelate racemase/muconate lactonizing enzyme (PSI/COM target 200551) from Sorangium cellulosum	0.115	229	185	1	229	132	341	2.378E+00	21
LOKIASV2_3341_ESMFold_chemotaxis_response_regulator_protein-glutamate_methylesterase	1kh3-assembly1.cif.gz_B	LOKIASV2_3341_ESMFold_chemotaxis_response_regulator_protein-glutamate_methylesterase	1kh3-assembly1.cif.gz_B Crystal Structure of Thermus thermophilus HB8 Argininosuccinate Synthetase in complex with inhibitor	0.101	158	105	3	120	2	159	7.703E+00	21
LOKIASV2_3341_ESMFold_chemotaxis_response_regulator_protein-glutamate_methylesterase	2nx9-assembly1.cif.gz_A	LOKIASV2_3341_ESMFold_chemotaxis_response_regulator_protein-glutamate_methylesterase	2nx9-assembly1.cif.gz_A Crystal structure of the carboxyltransferase domain of the oxaloacetate decarboxylase Na+ pump from Vibrio cholerae	0.135	234	197	1	234	2	230	2.378E+00	21
LOKIASV2_3341_ESMFold_chemotaxis_response_regulator_protein-glutamate_methylesterase	7zay-assembly1.cif.gz_B	LOKIASV2_3341_ESMFold_chemotaxis_response_regulator_protein-glutamate_methylesterase	7zay-assembly1.cif.gz_B Human heparan sulfate polymerase complex EXT1-EXT2	0.101	232	176	2	198	168	399	6.925E-01	21
LOKIASV2_3341_ESMFold_chemotaxis_response_regulator_protein-glutamate_methylesterase	6t6y-assembly1.cif.gz_A	LOKIASV2_3341_ESMFold_chemotaxis_response_regulator_protein-glutamate_methylesterase	6t6y-assembly1.cif.gz_A Structure of the Bottromycin epimerase BotH in complex with Bottromycin A2	0.141	123	82	1	96	22	144	6.090E+00	20
LOKIASV2_3341_ESMFold_chemotaxis_response_regulator_protein-glutamate_methylesterase	4lsb-assembly1.cif.gz_B	LOKIASV2_3341_ESMFold_chemotaxis_response_regulator_protein-glutamate_methylesterase	4lsb-assembly1.cif.gz_B Crystal structure of a putative lyase/mutase from Burkholderia cenocepacia J2315	0.120	140	113	2	130	108	247	6.849E+00	20
LOKIASV2_3341_ESMFold_chemotaxis_response_regulator_protein-glutamate_methylesterase	7dz2-assembly1.cif.gz_C	LOKIASV2_3341_ESMFold_chemotaxis_response_regulator_protein-glutamate_methylesterase	7dz2-assembly1.cif.gz_C Crystal structures of D-allulose 3-epimerase from Sinorhizobium fredii	0.098	314	227	36	349	20	272	1.045E+00	20
LOKIASV2_3341_ESMFold_chemotaxis_response_regulator_protein-glutamate_methylesterase	3q94-assembly1.cif.gz_A	LOKIASV2_3341_ESMFold_chemotaxis_response_regulator_protein-glutamate_methylesterase	3q94-assembly1.cif.gz_A The crystal structure of fructose 1,6-bisphosphate aldolase from Bacillus anthracis str. 'Ames Ancestor'	0.108	319	224	35	353	5	256	1.322E+00	20
LOKIASV2_3341_ESMFold_chemotaxis_response_regulator_protein-glutamate_methylesterase	4joq-assembly1.cif.gz_B	LOKIASV2_3341_ESMFold_chemotaxis_response_regulator_protein-glutamate_methylesterase	4joq-assembly1.cif.gz_B Putative ribose ABC transporter, periplasmic solute-binding protein from Rhodobacter sphaeroides	0.115	271	206	2	235	6	276	1.880E+00	20
LOKIASV2_3341_ESMFold_chemotaxis_response_regulator_protein-glutamate_methylesterase	7cgc-assembly2.cif.gz_B	LOKIASV2_3341_ESMFold_chemotaxis_response_regulator_protein-glutamate_methylesterase	7cgc-assembly2.cif.gz_B Silver-bound E. coli Malate dehydrogenase (C113 and C251)	0.114	123	108	3	125	2	124	6.458E+00	20
LOKIASV2_3341_ESMFold_chemotaxis_response_regulator_protein-glutamate_methylesterase	6j9t-assembly1.cif.gz_B	LOKIASV2_3341_ESMFold_chemotaxis_response_regulator_protein-glutamate_methylesterase	6j9t-assembly1.cif.gz_B Complex structure of Lactobacillus casei lactate dehydrogenase with fructose-1,6-bisphosphate	0.111	158	106	161	318	7	126	4.539E+00	20
LOKIASV2_3341_ESMFold_chemotaxis_response_regulator_protein-glutamate_methylesterase	3dfy-assembly2.cif.gz_N	LOKIASV2_3341_ESMFold_chemotaxis_response_regulator_protein-glutamate_methylesterase	3dfy-assembly2.cif.gz_N Crystal structure of apo dipeptide epimerase from Thermotoga maritima	0.136	253	181	2	254	120	330	2.378E+00	20
LOKIASV2_3341_ESMFold_chemotaxis_response_regulator_protein-glutamate_methylesterase	4zqm-assembly1.cif.gz_A	LOKIASV2_3341_ESMFold_chemotaxis_response_regulator_protein-glutamate_methylesterase	4zqm-assembly1.cif.gz_A Crystal Structure of the Catalytic Domain of the Inosine Monophosphate Dehydrogenase from Mycobacterium tuberculosis in the complex with XMP and NAD	0.096	261	219	5	265	53	295	2.378E+00	20
LOKIASV2_3341_ESMFold_chemotaxis_response_regulator_protein-glutamate_methylesterase	2a3n-assembly1.cif.gz_A-2	LOKIASV2_3341_ESMFold_chemotaxis_response_regulator_protein-glutamate_methylesterase	2a3n-assembly1.cif.gz_A-2 Crystal structure of a putative glucosamine-fructose-6-phosphate aminotransferase (stm4540.s) from salmonella typhimurium lt2 at 1.35 A resolution	0.085	246	212	2	234	37	282	4.036E+00	20
LOKIASV2_3341_ESMFold_chemotaxis_response_regulator_protein-glutamate_methylesterase	4fo4-assembly1.cif.gz_A	LOKIASV2_3341_ESMFold_chemotaxis_response_regulator_protein-glutamate_methylesterase	4fo4-assembly1.cif.gz_A Inosine 5'-monophosphate dehydrogenase from Vibrio cholerae, deletion mutant, complexed with IMP and mycophenolic acid	0.083	253	217	5	257	46	283	3.384E+00	20
LOKIASV2_3341_ESMFold_chemotaxis_response_regulator_protein-glutamate_methylesterase	7mtu-assembly1.cif.gz_C	LOKIASV2_3341_ESMFold_chemotaxis_response_regulator_protein-glutamate_methylesterase	7mtu-assembly1.cif.gz_C Crystal Structure of the Catalytic Domain of the Inosine Monophosphate Dehydrogenase from Bacillus anthracis in the complex with IMP and the inhibitor P221	0.078	253	218	5	257	50	286	3.191E+00	20
LOKIASV2_3341_ESMFold_chemotaxis_response_regulator_protein-glutamate_methylesterase	5kh0-assembly2.cif.gz_D	LOKIASV2_3341_ESMFold_chemotaxis_response_regulator_protein-glutamate_methylesterase	5kh0-assembly2.cif.gz_D Crystal Structure of HydF from thermosipho melanesiensis in complex with a [4Fe-4S] cluster	0.105	349	310	1	347	1	349	2.675E+00	20
LOKIASV2_3341_ESMFold_chemotaxis_response_regulator_protein-glutamate_methylesterase	4dn1-assembly1.cif.gz_A	LOKIASV2_3341_ESMFold_chemotaxis_response_regulator_protein-glutamate_methylesterase	4dn1-assembly1.cif.gz_A Crystal structure of an ENOLASE (mandelate racemase subgroup member) from Agrobacterium tumefaciens (target EFI-502088) with bound mg and formate	0.083	267	205	2	268	154	378	2.378E+00	20
LOKIASV2_3341_ESMFold_chemotaxis_response_regulator_protein-glutamate_methylesterase	7aqv-assembly1.cif.gz_B	LOKIASV2_3341_ESMFold_chemotaxis_response_regulator_protein-glutamate_methylesterase	7aqv-assembly1.cif.gz_B Flavin-dependent tryptophan halogenase Thal: N-terminally His-tagged form of quintuple mutant (NHis-Thal-RebH5)	0.244	45	33	150	194	1	45	2.378E+00	20
LOKIASV2_3341_ESMFold_chemotaxis_response_regulator_protein-glutamate_methylesterase	8gh9-assembly1.cif.gz_C	LOKIASV2_3341_ESMFold_chemotaxis_response_regulator_protein-glutamate_methylesterase	8gh9-assembly1.cif.gz_C Cryo-EM structure of hSlo1 in total membrane vesicles	0.076	476	322	2	350	265	740	1.576E+00	20
LOKIASV2_3341_ESMFold_chemotaxis_response_regulator_protein-glutamate_methylesterase	5ydu-assembly1.cif.gz_A	LOKIASV2_3341_ESMFold_chemotaxis_response_regulator_protein-glutamate_methylesterase	5ydu-assembly1.cif.gz_A Crystal structure of Utp30	0.098	54	47	2	55	61	113	8.169E+00	19
LOKIASV2_3341_ESMFold_chemotaxis_response_regulator_protein-glutamate_methylesterase	6k2l-assembly1.cif.gz_A	LOKIASV2_3341_ESMFold_chemotaxis_response_regulator_protein-glutamate_methylesterase	6k2l-assembly1.cif.gz_A Crystal structure of the Siderophore-interacting protein SipS from Aeromonas hydrophila	0.075	79	55	158	236	113	172	5.414E+00	19
LOKIASV2_3341_ESMFold_chemotaxis_response_regulator_protein-glutamate_methylesterase	5exi-assembly1.cif.gz_A	LOKIASV2_3341_ESMFold_chemotaxis_response_regulator_protein-glutamate_methylesterase	5exi-assembly1.cif.gz_A Crystal structure of M. tuberculosis lipoyl synthase at 2.28 A resolution	0.114	200	163	36	235	70	254	4.280E+00	19
LOKIASV2_3341_ESMFold_chemotaxis_response_regulator_protein-glutamate_methylesterase	6h9s-assembly1.cif.gz_A-2	LOKIASV2_3341_ESMFold_chemotaxis_response_regulator_protein-glutamate_methylesterase	6h9s-assembly1.cif.gz_A-2 Crystal dimeric structure of Petrotoga mobilis lactate dehydrogenase with NADH	0.100	146	111	163	308	2	125	2.675E+00	19
LOKIASV2_3341_ESMFold_chemotaxis_response_regulator_protein-glutamate_methylesterase	6kj9-assembly2.cif.gz_C	LOKIASV2_3341_ESMFold_chemotaxis_response_regulator_protein-glutamate_methylesterase	6kj9-assembly2.cif.gz_C E. coli ATCase catalytic subunit mutant - G128/130A	0.096	352	225	2	353	42	291	4.280E+00	19
LOKIASV2_3341_ESMFold_chemotaxis_response_regulator_protein-glutamate_methylesterase	3vyl-assembly2.cif.gz_H	LOKIASV2_3341_ESMFold_chemotaxis_response_regulator_protein-glutamate_methylesterase	3vyl-assembly2.cif.gz_H Structure of L-ribulose 3-epimerase	0.091	224	182	36	236	20	243	2.522E+00	19
LOKIASV2_3341_ESMFold_chemotaxis_response_regulator_protein-glutamate_methylesterase	6ka0-assembly2.cif.gz_D	LOKIASV2_3341_ESMFold_chemotaxis_response_regulator_protein-glutamate_methylesterase	6ka0-assembly2.cif.gz_D Silver-bound E.coli Malate dehydrogenase	0.120	146	108	163	308	2	125	5.105E+00	19
LOKIASV2_3341_ESMFold_chemotaxis_response_regulator_protein-glutamate_methylesterase	6kj8-assembly1.cif.gz_E-2	LOKIASV2_3341_ESMFold_chemotaxis_response_regulator_protein-glutamate_methylesterase	6kj8-assembly1.cif.gz_E-2 E. coli ATCase holoenzyme mutant - G166P (catalytic chain)	0.121	154	104	2	120	42	195	6.458E+00	19
LOKIASV2_3341_ESMFold_chemotaxis_response_regulator_protein-glutamate_methylesterase	4e0b-assembly2.cif.gz_C	LOKIASV2_3341_ESMFold_chemotaxis_response_regulator_protein-glutamate_methylesterase	4e0b-assembly2.cif.gz_C 2.17 Angstrom resolution crystal structure of malate dehydrogenase from Vibrio vulnificus CMCP6	0.114	147	110	162	308	2	126	4.036E+00	19
LOKIASV2_3341_ESMFold_chemotaxis_response_regulator_protein-glutamate_methylesterase	6mjy-assembly1.cif.gz_A	LOKIASV2_3341_ESMFold_chemotaxis_response_regulator_protein-glutamate_methylesterase	6mjy-assembly1.cif.gz_A M. thermoresistible GuaB2 delta-CBS in complex with 6Cl-IMP	0.090	305	169	5	309	51	237	5.105E+00	19
LOKIASV2_3341_ESMFold_chemotaxis_response_regulator_protein-glutamate_methylesterase	6bag-assembly1.cif.gz_A	LOKIASV2_3341_ESMFold_chemotaxis_response_regulator_protein-glutamate_methylesterase	6bag-assembly1.cif.gz_A Lactate Dehydrogenase in complex with inhibitor (R)-5-((2-chlorophenyl)thio)-6'-((4-fluorophenyl)amino)-4-hydroxy-2-(thiophen-3-yl)-2,3-dihydro-[2,2'-bipyridin]-6(1H)-one	0.079	169	117	150	318	8	135	4.539E+00	19
LOKIASV2_3341_ESMFold_chemotaxis_response_regulator_protein-glutamate_methylesterase	3dfy-assembly2.cif.gz_P	LOKIASV2_3341_ESMFold_chemotaxis_response_regulator_protein-glutamate_methylesterase	3dfy-assembly2.cif.gz_P Crystal structure of apo dipeptide epimerase from Thermotoga maritima	0.114	229	184	1	229	118	326	4.036E+00	19
LOKIASV2_3341_ESMFold_chemotaxis_response_regulator_protein-glutamate_methylesterase	8dhg-assembly1.cif.gz_A	LOKIASV2_3341_ESMFold_chemotaxis_response_regulator_protein-glutamate_methylesterase	8dhg-assembly1.cif.gz_A DHODH IN COMPLEX WITH LIGAND 19	0.113	164	109	3	126	180	343	6.090E+00	19
LOKIASV2_3341_ESMFold_chemotaxis_response_regulator_protein-glutamate_methylesterase	6e7u-assembly2.cif.gz_D	LOKIASV2_3341_ESMFold_chemotaxis_response_regulator_protein-glutamate_methylesterase	6e7u-assembly2.cif.gz_D Heterodimer of the GluN1b-GluN2B NMDA receptor amino-terminal domains bound to allosteric inhibitor 93-31	0.102	329	229	3	331	7	262	5.806E-01	19
LOKIASV2_3341_ESMFold_chemotaxis_response_regulator_protein-glutamate_methylesterase	3pvz-assembly2.cif.gz_C	LOKIASV2_3341_ESMFold_chemotaxis_response_regulator_protein-glutamate_methylesterase	3pvz-assembly2.cif.gz_C UDP-N-acetylglucosamine 4,6-dehydratase from Vibrio fischeri	0.110	155	111	2	127	31	185	1.994E+00	19
LOKIASV2_3341_ESMFold_chemotaxis_response_regulator_protein-glutamate_methylesterase	4h1z-assembly1.cif.gz_E	LOKIASV2_3341_ESMFold_chemotaxis_response_regulator_protein-glutamate_methylesterase	4h1z-assembly1.cif.gz_E Crystal structure of putative isomerase from Sinorhizobium meliloti, open loop conformation (target EFI-502104)	0.078	259	208	1	259	146	372	3.589E+00	19
LOKIASV2_3341_ESMFold_chemotaxis_response_regulator_protein-glutamate_methylesterase	6xwl-assembly3.cif.gz_C	LOKIASV2_3341_ESMFold_chemotaxis_response_regulator_protein-glutamate_methylesterase	6xwl-assembly3.cif.gz_C Cystathionine beta-synthase from Toxoplasma gondii	0.131	207	175	36	237	55	261	3.009E+00	19
LOKIASV2_3341_ESMFold_chemotaxis_response_regulator_protein-glutamate_methylesterase	5ery-assembly1.cif.gz_A	LOKIASV2_3341_ESMFold_chemotaxis_response_regulator_protein-glutamate_methylesterase	5ery-assembly1.cif.gz_A Crystal Structure of APO MenD from M. tuberculosis - P212121	0.105	275	210	1	236	18	292	3.589E+00	19
LOKIASV2_3341_ESMFold_chemotaxis_response_regulator_protein-glutamate_methylesterase	7aqu-assembly1.cif.gz_A	LOKIASV2_3341_ESMFold_chemotaxis_response_regulator_protein-glutamate_methylesterase	7aqu-assembly1.cif.gz_A Flavin-dependent tryptophan halogenase Thal: N-terminally His-tagged form of quintuple mutant (NHis-Thal-RebH5)	0.232	43	31	157	199	1	41	2.522E+00	19
LOKIASV2_3341_ESMFold_chemotaxis_response_regulator_protein-glutamate_methylesterase	5tji-assembly1.cif.gz_A	LOKIASV2_3341_ESMFold_chemotaxis_response_regulator_protein-glutamate_methylesterase	5tji-assembly1.cif.gz_A Ca2+ bound aplysia Slo1	0.087	491	318	2	350	275	765	2.378E+00	19
LOKIASV2_3341_ESMFold_chemotaxis_response_regulator_protein-glutamate_methylesterase	1tqj-assembly1.cif.gz_D	LOKIASV2_3341_ESMFold_chemotaxis_response_regulator_protein-glutamate_methylesterase	1tqj-assembly1.cif.gz_D Crystal structure of D-ribulose 5-phosphate 3-epimerase from Synechocystis to 1.6 angstrom resolution	0.111	184	119	4	138	33	216	4.539E+00	18
LOKIASV2_3341_ESMFold_chemotaxis_response_regulator_protein-glutamate_methylesterase	6kj9-assembly2.cif.gz_F	LOKIASV2_3341_ESMFold_chemotaxis_response_regulator_protein-glutamate_methylesterase	6kj9-assembly2.cif.gz_F E. coli ATCase catalytic subunit mutant - G128/130A	0.094	352	233	2	353	41	298	4.280E+00	18
LOKIASV2_3341_ESMFold_chemotaxis_response_regulator_protein-glutamate_methylesterase	3pvz-assembly1.cif.gz_B	LOKIASV2_3341_ESMFold_chemotaxis_response_regulator_protein-glutamate_methylesterase	3pvz-assembly1.cif.gz_B UDP-N-acetylglucosamine 4,6-dehydratase from Vibrio fischeri	0.116	156	111	1	127	28	183	2.378E+00	18
LOKIASV2_3341_ESMFold_chemotaxis_response_regulator_protein-glutamate_methylesterase	4e0b-assembly1.cif.gz_A	LOKIASV2_3341_ESMFold_chemotaxis_response_regulator_protein-glutamate_methylesterase	4e0b-assembly1.cif.gz_A 2.17 Angstrom resolution crystal structure of malate dehydrogenase from Vibrio vulnificus CMCP6	0.105	195	120	159	353	1	135	4.280E+00	18
LOKIASV2_3341_ESMFold_chemotaxis_response_regulator_protein-glutamate_methylesterase	5d87-assembly1.cif.gz_A-2	LOKIASV2_3341_ESMFold_chemotaxis_response_regulator_protein-glutamate_methylesterase	5d87-assembly1.cif.gz_A-2 Staphyloferrin B precursor biosynthetic enzyme SbnA Y152F/S185G variant	0.120	202	176	36	237	46	246	4.539E+00	18
LOKIASV2_3341_ESMFold_chemotaxis_response_regulator_protein-glutamate_methylesterase	4qm1-assembly1.cif.gz_D	LOKIASV2_3341_ESMFold_chemotaxis_response_regulator_protein-glutamate_methylesterase	4qm1-assembly1.cif.gz_D Crystal Structure of the Inosine 5'-monophosphate Dehydrogenase with an Internal Deletion of the CBS Domain from Bacillus anthracis str. Ames complexed with inhibitor D67	0.085	254	215	5	258	48	283	3.384E+00	18
LOKIASV2_3341_ESMFold_chemotaxis_response_regulator_protein-glutamate_methylesterase	6an0-assembly1.cif.gz_A-2	LOKIASV2_3341_ESMFold_chemotaxis_response_regulator_protein-glutamate_methylesterase	6an0-assembly1.cif.gz_A-2 Crystal Structure of Histidinol Dehydrogenase from Elizabethkingia anophelis	0.080	233	170	2	234	125	310	8.260E-01	18
LOKIASV2_3341_ESMFold_chemotaxis_response_regulator_protein-glutamate_methylesterase	5f4h-assembly1.cif.gz_F	LOKIASV2_3341_ESMFold_chemotaxis_response_regulator_protein-glutamate_methylesterase	5f4h-assembly1.cif.gz_F Archael RuvB-like Holiday junction helicase	0.106	116	96	2	117	249	356	6.458E+00	18
LOKIASV2_3341_ESMFold_chemotaxis_response_regulator_protein-glutamate_methylesterase	5upq-assembly1.cif.gz_B	LOKIASV2_3341_ESMFold_chemotaxis_response_regulator_protein-glutamate_methylesterase	5upq-assembly1.cif.gz_B Acyl-CoA synthetase PtmA2 from Streptomyces platensis in complex with SBNP465 ligand	0.067	235	169	2	236	54	235	5.105E+00	18
LOKIASV2_3341_ESMFold_chemotaxis_response_regulator_protein-glutamate_methylesterase	8ttj-assembly3.cif.gz_C	LOKIASV2_3341_ESMFold_chemotaxis_response_regulator_protein-glutamate_methylesterase	8ttj-assembly3.cif.gz_C Tryptophan-6-halogenase BorH complexed with 6-chlorotryptophan	0.186	43	33	157	199	1	41	3.806E+00	18
LOKIASV2_3341_ESMFold_chemotaxis_response_regulator_protein-glutamate_methylesterase	3etc-assembly2.cif.gz_A	LOKIASV2_3341_ESMFold_chemotaxis_response_regulator_protein-glutamate_methylesterase	3etc-assembly2.cif.gz_A 2.1 A structure of acyl-adenylate synthetase from Methanosarcina acetivorans containing a link between Lys256 and Cys298	0.101	298	225	2	252	88	385	1.246E+00	18
LOKIASV2_3341_ESMFold_chemotaxis_response_regulator_protein-glutamate_methylesterase	1mdf-assembly1.cif.gz_A	LOKIASV2_3341_ESMFold_chemotaxis_response_regulator_protein-glutamate_methylesterase	1mdf-assembly1.cif.gz_A CRYSTAL STRUCTURE OF DhbE IN ABSENCE OF SUBSTRATE	0.084	252	221	3	244	78	329	2.378E+00	18
LOKIASV2_3341_ESMFold_chemotaxis_response_regulator_protein-glutamate_methylesterase	1e9z-assembly1.cif.gz_B	LOKIASV2_3341_ESMFold_chemotaxis_response_regulator_protein-glutamate_methylesterase	1e9z-assembly1.cif.gz_B Crystal structure of Helicobacter pylori urease	0.100	115	89	10	124	141	240	6.090E+00	18
LOKIASV2_3341_ESMFold_chemotaxis_response_regulator_protein-glutamate_methylesterase	7zvj-assembly1.cif.gz_A	LOKIASV2_3341_ESMFold_chemotaxis_response_regulator_protein-glutamate_methylesterase	7zvj-assembly1.cif.gz_A Homodimeric structure of LARGE1	0.150	37	28	162	195	5	41	7.263E+00	18
LOKIASV2_3341_ESMFold_chemotaxis_response_regulator_protein-glutamate_methylesterase	6ej9-assembly1.cif.gz_A	LOKIASV2_3341_ESMFold_chemotaxis_response_regulator_protein-glutamate_methylesterase	6ej9-assembly1.cif.gz_A Human Xylosyltransferase 1 in complex with peptide QEPEGSGGGQGG	0.122	152	109	84	235	9	133	4.280E+00	18
LOKIASV2_3341_ESMFold_chemotaxis_response_regulator_protein-glutamate_methylesterase	4u6f-assembly1.cif.gz_C7	LOKIASV2_3341_ESMFold_chemotaxis_response_regulator_protein-glutamate_methylesterase	4u6f-assembly1.cif.gz_C7 Crystal structure of T-2 toxin bound to the yeast 80S ribosome	0.056	104	82	65	168	11	98	2.522E+00	17
LOKIASV2_3341_ESMFold_chemotaxis_response_regulator_protein-glutamate_methylesterase	2z0y-assembly2.cif.gz_B	LOKIASV2_3341_ESMFold_chemotaxis_response_regulator_protein-glutamate_methylesterase	2z0y-assembly2.cif.gz_B Crystal structure of TTHA0657-SAM complex	0.118	124	78	149	237	6	129	2.675E+00	17
LOKIASV2_3341_ESMFold_chemotaxis_response_regulator_protein-glutamate_methylesterase	5kzk-assembly1.cif.gz_B	LOKIASV2_3341_ESMFold_chemotaxis_response_regulator_protein-glutamate_methylesterase	5kzk-assembly1.cif.gz_B Crystal Structure of rRNA methyltransferase from Sinorhizobium meliloti	0.120	189	125	160	348	110	252	9.188E+00	17
LOKIASV2_3341_ESMFold_chemotaxis_response_regulator_protein-glutamate_methylesterase	6kj9-assembly1.cif.gz_E	LOKIASV2_3341_ESMFold_chemotaxis_response_regulator_protein-glutamate_methylesterase	6kj9-assembly1.cif.gz_E E. coli ATCase catalytic subunit mutant - G128/130A	0.110	351	212	2	352	42	280	5.414E+00	17
LOKIASV2_3341_ESMFold_chemotaxis_response_regulator_protein-glutamate_methylesterase	3dfy-assembly2.cif.gz_K	LOKIASV2_3341_ESMFold_chemotaxis_response_regulator_protein-glutamate_methylesterase	3dfy-assembly2.cif.gz_K Crystal structure of apo dipeptide epimerase from Thermotoga maritima	0.117	229	184	1	229	116	324	6.458E+00	17
LOKIASV2_3341_ESMFold_chemotaxis_response_regulator_protein-glutamate_methylesterase	7qem-assembly2.cif.gz_C	LOKIASV2_3341_ESMFold_chemotaxis_response_regulator_protein-glutamate_methylesterase	7qem-assembly2.cif.gz_C bacterial IMPDH chimera	0.089	211	133	24	234	132	278	6.090E+00	17
LOKIASV2_3341_ESMFold_chemotaxis_response_regulator_protein-glutamate_methylesterase	5vcm-assembly2.cif.gz_B	LOKIASV2_3341_ESMFold_chemotaxis_response_regulator_protein-glutamate_methylesterase	5vcm-assembly2.cif.gz_B Alpha-1,6-mannosyl-glycoprotein 2-beta-N-acetylglucosaminyltransferase with bound UDP and Manganese	0.115	130	86	103	232	2	99	2.522E+00	17
LOKIASV2_3341_ESMFold_chemotaxis_response_regulator_protein-glutamate_methylesterase	5ohx-assembly2.cif.gz_B	LOKIASV2_3341_ESMFold_chemotaxis_response_regulator_protein-glutamate_methylesterase	5ohx-assembly2.cif.gz_B Structure of active cystathionine B-synthase from Apis mellifera	0.094	202	182	36	237	78	279	6.090E+00	17
LOKIASV2_3341_ESMFold_chemotaxis_response_regulator_protein-glutamate_methylesterase	6gg2-assembly1.cif.gz_A-2	LOKIASV2_3341_ESMFold_chemotaxis_response_regulator_protein-glutamate_methylesterase	6gg2-assembly1.cif.gz_A-2 The structure of FsqB from Aspergillus fumigatus, a flavoenzyme of the amine oxidase family	0.133	41	35	159	199	1	41	6.458E+00	17
LOKIASV2_3341_ESMFold_chemotaxis_response_regulator_protein-glutamate_methylesterase	6p00-assembly1.cif.gz_A	LOKIASV2_3341_ESMFold_chemotaxis_response_regulator_protein-glutamate_methylesterase	6p00-assembly1.cif.gz_A RebH Variant 8F, Tryptamine 6-halogenase	0.256	39	27	160	198	4	40	5.742E+00	17
LOKIASV2_3341_ESMFold_chemotaxis_response_regulator_protein-glutamate_methylesterase	8ttk-assembly1.cif.gz_A	LOKIASV2_3341_ESMFold_chemotaxis_response_regulator_protein-glutamate_methylesterase	8ttk-assembly1.cif.gz_A Tryptophan-6-halogenase BorH apo structure	0.236	38	28	157	194	1	38	4.814E+00	17
LOKIASV2_3341_ESMFold_chemotaxis_response_regulator_protein-glutamate_methylesterase	2oam-assembly1.cif.gz_B	LOKIASV2_3341_ESMFold_chemotaxis_response_regulator_protein-glutamate_methylesterase	2oam-assembly1.cif.gz_B Apo RebH from Lechevalieria aerocolonigenes	0.209	60	40	160	210	4	63	3.806E+00	17
LOKIASV2_3341_ESMFold_chemotaxis_response_regulator_protein-glutamate_methylesterase	7ju0-assembly1.cif.gz_A	LOKIASV2_3341_ESMFold_chemotaxis_response_regulator_protein-glutamate_methylesterase	7ju0-assembly1.cif.gz_A RebH Variant 0S, Tryptamine 7-halogenase with bound tryptamine	0.256	39	27	160	198	4	40	5.105E+00	17
LOKIASV2_3341_ESMFold_chemotaxis_response_regulator_protein-glutamate_methylesterase	7cu1-assembly1.cif.gz_A	LOKIASV2_3341_ESMFold_chemotaxis_response_regulator_protein-glutamate_methylesterase	7cu1-assembly1.cif.gz_A CRYSTAL STRUCTURE OF STREPTOMYCES ALBOGRISEOLUS FLAVIN-DEPENDENT TRYPTOPHAN 6-HALOGENASE (THAL) IN COMPLEX WITH FAD and AMP	0.244	45	33	150	194	4	48	4.539E+00	17
LOKIASV2_3341_ESMFold_chemotaxis_response_regulator_protein-glutamate_methylesterase	7d2r-assembly1.cif.gz_A	LOKIASV2_3341_ESMFold_chemotaxis_response_regulator_protein-glutamate_methylesterase	7d2r-assembly1.cif.gz_A Crystal structure of Agrobacterium tumefaciens aconitase X mutant - S449C/C510V	0.100	206	166	49	233	187	392	2.115E+00	17
LOKIASV2_3341_ESMFold_chemotaxis_response_regulator_protein-glutamate_methylesterase	7cnq-assembly4.cif.gz_D	LOKIASV2_3341_ESMFold_chemotaxis_response_regulator_protein-glutamate_methylesterase	7cnq-assembly4.cif.gz_D Crystal structure of Agrobacterium tumefaciens aconitase X (holo-form)	0.088	359	271	49	346	188	546	5.475E-01	17
LOKIASV2_3341_ESMFold_chemotaxis_response_regulator_protein-glutamate_methylesterase	6ejb-assembly1.cif.gz_A	LOKIASV2_3341_ESMFold_chemotaxis_response_regulator_protein-glutamate_methylesterase	6ejb-assembly1.cif.gz_A Human Xylosyltransferase 1 in complex with peptide QEEEGSAGGQGG	0.114	152	111	84	235	9	134	4.280E+00	17
LOKIASV2_3341_ESMFold_chemotaxis_response_regulator_protein-glutamate_methylesterase	8og1-assembly1.cif.gz_A	LOKIASV2_3341_ESMFold_chemotaxis_response_regulator_protein-glutamate_methylesterase	8og1-assembly1.cif.gz_A Exostosin-like 3 apo enzyme	0.085	345	257	2	346	37	318	5.414E+00	17
LOKIASV2_3341_ESMFold_chemotaxis_response_regulator_protein-glutamate_methylesterase	5tt1-assembly1.cif.gz_A-2	LOKIASV2_3341_ESMFold_chemotaxis_response_regulator_protein-glutamate_methylesterase	5tt1-assembly1.cif.gz_A-2 Crystal Structure of a Putative short-chain alcohol dehydrogenase from Burkholderia multivorans	0.103	220	184	1	220	1	206	2.837E+00	16
LOKIASV2_3341_ESMFold_chemotaxis_response_regulator_protein-glutamate_methylesterase	4kwv-assembly1.cif.gz_F	LOKIASV2_3341_ESMFold_chemotaxis_response_regulator_protein-glutamate_methylesterase	4kwv-assembly1.cif.gz_F Crystal Structure of human apo-QPRT	0.077	215	115	49	263	165	290	3.009E+00	16
LOKIASV2_3341_ESMFold_chemotaxis_response_regulator_protein-glutamate_methylesterase	1nnf-assembly1.cif.gz_A	LOKIASV2_3341_ESMFold_chemotaxis_response_regulator_protein-glutamate_methylesterase	1nnf-assembly1.cif.gz_A Crystal Structure Analysis of Haemophlius Influenzae Ferric-ion Binding Protein H9Q Mutant Form	0.076	178	137	4	181	3	151	4.539E+00	16
LOKIASV2_3341_ESMFold_chemotaxis_response_regulator_protein-glutamate_methylesterase	2zad-assembly1.cif.gz_A	LOKIASV2_3341_ESMFold_chemotaxis_response_regulator_protein-glutamate_methylesterase	2zad-assembly1.cif.gz_A Crystal Structure of Muconate Cycloisomerase from Thermotoga maritima MSB8	0.106	260	193	1	260	128	344	6.458E+00	16
LOKIASV2_3341_ESMFold_chemotaxis_response_regulator_protein-glutamate_methylesterase	4myx-assembly1.cif.gz_B	LOKIASV2_3341_ESMFold_chemotaxis_response_regulator_protein-glutamate_methylesterase	4myx-assembly1.cif.gz_B Crystal Structure of the Inosine 5'-monophosphate Dehydrogenase, with a Internal Deletion of CBS Domain from Bacillus anthracis str. Ame complexed with P32	0.079	332	174	5	336	51	240	6.458E+00	16
LOKIASV2_3341_ESMFold_chemotaxis_response_regulator_protein-glutamate_methylesterase	2ppg-assembly1.cif.gz_D	LOKIASV2_3341_ESMFold_chemotaxis_response_regulator_protein-glutamate_methylesterase	2ppg-assembly1.cif.gz_D Crystal structure of putative isomerase from Sinorhizobium meliloti	0.087	259	206	1	259	148	374	5.105E+00	16
LOKIASV2_3341_ESMFold_chemotaxis_response_regulator_protein-glutamate_methylesterase	4rl6-assembly1.cif.gz_B	LOKIASV2_3341_ESMFold_chemotaxis_response_regulator_protein-glutamate_methylesterase	4rl6-assembly1.cif.gz_B Crystal Structure of the Q04L03_STRP2 protein from Streptococcus pneumoniae. Northeast Structural Genomics Consortium Target SpR105	0.078	121	89	3	123	2	99	8.664E+00	16
LOKIASV2_3341_ESMFold_chemotaxis_response_regulator_protein-glutamate_methylesterase	7pmz-assembly2.cif.gz_H	LOKIASV2_3341_ESMFold_chemotaxis_response_regulator_protein-glutamate_methylesterase	7pmz-assembly2.cif.gz_H Crystal structure of Streptomyces coelicolor guaB (IMP dehydrogenase) bound to ATP and ppGpp at 2.0 A resolution	0.102	302	172	35	336	168	359	9.852E-01	16
LOKIASV2_3341_ESMFold_chemotaxis_response_regulator_protein-glutamate_methylesterase	1kar-assembly1.cif.gz_B	LOKIASV2_3341_ESMFold_chemotaxis_response_regulator_protein-glutamate_methylesterase	1kar-assembly1.cif.gz_B L-HISTIDINOL DEHYDROGENASE (HISD) STRUCTURE COMPLEXED WITH HISTAMINE (INHIBITOR), ZINC AND NAD (COFACTOR)	0.086	290	236	49	338	122	380	1.880E+00	16
LOKIASV2_3341_ESMFold_chemotaxis_response_regulator_protein-glutamate_methylesterase	3itk-assembly1.cif.gz_F	LOKIASV2_3341_ESMFold_chemotaxis_response_regulator_protein-glutamate_methylesterase	3itk-assembly1.cif.gz_F Crystal structure of human UDP-glucose dehydrogenase Thr131Ala, apo form.	0.098	152	133	159	310	3	150	4.539E+00	16
LOKIASV2_3341_ESMFold_chemotaxis_response_regulator_protein-glutamate_methylesterase	6z3s-assembly1.cif.gz_D-2	LOKIASV2_3341_ESMFold_chemotaxis_response_regulator_protein-glutamate_methylesterase	6z3s-assembly1.cif.gz_D-2 Crystal structure of delta466-491 cystathionine beta-synthase from Toxoplasma gondii with O-Acetylserine	0.131	207	175	36	237	55	261	7.263E+00	16
LOKIASV2_3341_ESMFold_chemotaxis_response_regulator_protein-glutamate_methylesterase	4coo-assembly1.cif.gz_A	LOKIASV2_3341_ESMFold_chemotaxis_response_regulator_protein-glutamate_methylesterase	4coo-assembly1.cif.gz_A Crystal structure of human cystathionine beta-synthase (delta516-525) at 2.0 angstrom resolution	0.109	159	140	36	194	81	238	8.664E+00	16
LOKIASV2_3341_ESMFold_chemotaxis_response_regulator_protein-glutamate_methylesterase	8fox-assembly2.cif.gz_B	LOKIASV2_3341_ESMFold_chemotaxis_response_regulator_protein-glutamate_methylesterase	8fox-assembly2.cif.gz_B AbeH (Tryptophan-5-halogenase)	0.150	56	43	160	210	3	58	3.384E+00	16
LOKIASV2_3341_ESMFold_chemotaxis_response_regulator_protein-glutamate_methylesterase	6ul2-assembly4.cif.gz_D	LOKIASV2_3341_ESMFold_chemotaxis_response_regulator_protein-glutamate_methylesterase	6ul2-assembly4.cif.gz_D Crystal structure of tryptophan-6-halogenase BorH complexed with L-tryptophan	0.207	53	41	158	210	1	53	4.539E+00	16
LOKIASV2_3341_ESMFold_chemotaxis_response_regulator_protein-glutamate_methylesterase	8ttj-assembly1.cif.gz_A	LOKIASV2_3341_ESMFold_chemotaxis_response_regulator_protein-glutamate_methylesterase	8ttj-assembly1.cif.gz_A Tryptophan-6-halogenase BorH complexed with 6-chlorotryptophan	0.209	43	32	157	199	1	41	5.742E+00	16
LOKIASV2_3341_ESMFold_chemotaxis_response_regulator_protein-glutamate_methylesterase	6ib5-assembly2.cif.gz_B	LOKIASV2_3341_ESMFold_chemotaxis_response_regulator_protein-glutamate_methylesterase	6ib5-assembly2.cif.gz_B Mutant of flavin-dependent tryptophan halogenase Thal with altered regioselectivity (Thal-RebH5)	0.289	38	26	157	194	2	39	5.105E+00	16
LOKIASV2_3341_ESMFold_chemotaxis_response_regulator_protein-glutamate_methylesterase	6ib5-assembly1.cif.gz_A	LOKIASV2_3341_ESMFold_chemotaxis_response_regulator_protein-glutamate_methylesterase	6ib5-assembly1.cif.gz_A Mutant of flavin-dependent tryptophan halogenase Thal with altered regioselectivity (Thal-RebH5)	0.289	38	26	157	194	1	38	4.814E+00	16
LOKIASV2_3341_ESMFold_chemotaxis_response_regulator_protein-glutamate_methylesterase	8og4-assembly1.cif.gz_B	LOKIASV2_3341_ESMFold_chemotaxis_response_regulator_protein-glutamate_methylesterase	8og4-assembly1.cif.gz_B Exostosin-like 3 UDP complex	0.100	316	175	2	196	184	499	1.994E+00	16
LOKIASV2_3341_ESMFold_chemotaxis_response_regulator_protein-glutamate_methylesterase	6k2l-assembly1.cif.gz_B	LOKIASV2_3341_ESMFold_chemotaxis_response_regulator_protein-glutamate_methylesterase	6k2l-assembly1.cif.gz_B Crystal structure of the Siderophore-interacting protein SipS from Aeromonas hydrophila	0.066	131	78	159	289	107	191	9.744E+00	15
LOKIASV2_3341_ESMFold_chemotaxis_response_regulator_protein-glutamate_methylesterase	1nxz-assembly1.cif.gz_B	LOKIASV2_3341_ESMFold_chemotaxis_response_regulator_protein-glutamate_methylesterase	1nxz-assembly1.cif.gz_B X-Ray Crystal Structure of Protein yggj_haein of Haemophilus influenzae. Northeast Structural Genomics Consortium Target IR73.	0.040	121	73	161	237	76	196	6.090E+00	15
LOKIASV2_3341_ESMFold_chemotaxis_response_regulator_protein-glutamate_methylesterase	3kn7-assembly1.cif.gz_A	LOKIASV2_3341_ESMFold_chemotaxis_response_regulator_protein-glutamate_methylesterase	3kn7-assembly1.cif.gz_A Crystal Structure of Haemophilus influenzae Y195A mutant Holo Ferric ion-Binding Protein A	0.077	176	135	4	179	3	149	5.742E+00	15
LOKIASV2_3341_ESMFold_chemotaxis_response_regulator_protein-glutamate_methylesterase	4zqo-assembly1.cif.gz_A	LOKIASV2_3341_ESMFold_chemotaxis_response_regulator_protein-glutamate_methylesterase	4zqo-assembly1.cif.gz_A Crystal Structure of the Catalytic Domain of the Inosine Monophosphate Dehydrogenase from Mycobacterium tuberculosis in the complex with IMP and the inhibitor Q67	0.115	305	165	5	309	53	239	9.744E+00	15
LOKIASV2_3341_ESMFold_chemotaxis_response_regulator_protein-glutamate_methylesterase	6y21-assembly1.cif.gz_D	LOKIASV2_3341_ESMFold_chemotaxis_response_regulator_protein-glutamate_methylesterase	6y21-assembly1.cif.gz_D Crystal structure of delta466-491 cystathionine beta-synthase from Toxoplasma gondii with L-Cystathionine	0.123	207	176	36	237	55	261	6.849E+00	15
LOKIASV2_3341_ESMFold_chemotaxis_response_regulator_protein-glutamate_methylesterase	6ul2-assembly2.cif.gz_B	LOKIASV2_3341_ESMFold_chemotaxis_response_regulator_protein-glutamate_methylesterase	6ul2-assembly2.cif.gz_B Crystal structure of tryptophan-6-halogenase BorH complexed with L-tryptophan	0.243	37	27	157	193	1	37	6.849E+00	15
LOKIASV2_3341_ESMFold_chemotaxis_response_regulator_protein-glutamate_methylesterase	8tti-assembly1.cif.gz_A	LOKIASV2_3341_ESMFold_chemotaxis_response_regulator_protein-glutamate_methylesterase	8tti-assembly1.cif.gz_A Trp-6-Halogenase BorH complexed with FAD and Trp	0.200	40	30	157	196	1	38	8.664E+00	15
LOKIASV2_3341_ESMFold_chemotaxis_response_regulator_protein-glutamate_methylesterase	6ej8-assembly1.cif.gz_A	LOKIASV2_3341_ESMFold_chemotaxis_response_regulator_protein-glutamate_methylesterase	6ej8-assembly1.cif.gz_A Human Xylosyltransferase 1 in complex with peptide QEEEGSGGGQGG	0.110	152	110	84	235	9	133	8.169E+00	15
LOKIASV2_3341_ESMFold_chemotaxis_response_regulator_protein-glutamate_methylesterase	6ej7-assembly1.cif.gz_A	LOKIASV2_3341_ESMFold_chemotaxis_response_regulator_protein-glutamate_methylesterase	6ej7-assembly1.cif.gz_A Human Xylosyltransferase 1 in complex with UDP-xylose and peptide QEEEGAGGGQGG	0.110	152	111	84	235	9	134	9.188E+00	15
LOKIASV2_3341_ESMFold_chemotaxis_response_regulator_protein-glutamate_methylesterase	4v59-assembly1.cif.gz_F	LOKIASV2_3341_ESMFold_chemotaxis_response_regulator_protein-glutamate_methylesterase	4v59-assembly1.cif.gz_F Crystal structure of fatty acid synthase complexed with nadp+ from thermomyces lanuginosus at 3.1 angstrom resolution.	0.100	328	241	81	349	303	630	5.414E+00	15
LOKIASV2_3341_ESMFold_chemotaxis_response_regulator_protein-glutamate_methylesterase	1vhk-assembly3.cif.gz_B	LOKIASV2_3341_ESMFold_chemotaxis_response_regulator_protein-glutamate_methylesterase	1vhk-assembly3.cif.gz_B Crystal structure of an hypothetical protein	0.134	79	65	155	233	30	105	6.090E+00	14
LOKIASV2_3341_ESMFold_chemotaxis_response_regulator_protein-glutamate_methylesterase	5vm8-assembly3.cif.gz_B	LOKIASV2_3341_ESMFold_chemotaxis_response_regulator_protein-glutamate_methylesterase	5vm8-assembly3.cif.gz_B Crystal structure of a Ribosomal RNA small subunit methyltransferase E from Neisseria gonorrhoeae bound to S-adenosyl methionine	0.119	123	73	154	237	68	190	2.675E+00	14
LOKIASV2_3341_ESMFold_chemotaxis_response_regulator_protein-glutamate_methylesterase	2qv5-assembly2.cif.gz_B	LOKIASV2_3341_ESMFold_chemotaxis_response_regulator_protein-glutamate_methylesterase	2qv5-assembly2.cif.gz_B Crystal structure of uncharacterized protein ATU2773 from Agrobacterium tumefaciens C58	0.103	190	164	158	347	24	207	6.458E+00	14
LOKIASV2_3341_ESMFold_chemotaxis_response_regulator_protein-glutamate_methylesterase	4h1z-assembly1.cif.gz_G	LOKIASV2_3341_ESMFold_chemotaxis_response_regulator_protein-glutamate_methylesterase	4h1z-assembly1.cif.gz_G Crystal structure of putative isomerase from Sinorhizobium meliloti, open loop conformation (target EFI-502104)	0.098	268	202	1	268	145	369	7.263E+00	14
LOKIASV2_3341_ESMFold_chemotaxis_response_regulator_protein-glutamate_methylesterase	8fuz-assembly1.cif.gz_A	LOKIASV2_3341_ESMFold_chemotaxis_response_regulator_protein-glutamate_methylesterase	8fuz-assembly1.cif.gz_A Human IMPDH2 mutant - L245P, treated with GTP, ATP, IMP, and NAD+; filament assembly interface reconstruction	0.126	259	221	5	258	65	323	5.742E+00	14
LOKIASV2_3341_ESMFold_chemotaxis_response_regulator_protein-glutamate_methylesterase	8ttk-assembly4.cif.gz_D	LOKIASV2_3341_ESMFold_chemotaxis_response_regulator_protein-glutamate_methylesterase	8ttk-assembly4.cif.gz_D Tryptophan-6-halogenase BorH apo structure	0.236	38	28	157	194	1	38	8.169E+00	14
LOKIASV2_3341_ESMFold_chemotaxis_response_regulator_protein-glutamate_methylesterase	6p00-assembly1.cif.gz_B	LOKIASV2_3341_ESMFold_chemotaxis_response_regulator_protein-glutamate_methylesterase	6p00-assembly1.cif.gz_B RebH Variant 8F, Tryptamine 6-halogenase	0.216	60	39	160	210	5	64	5.742E+00	14
LOKIASV2_3341_ESMFold_chemotaxis_response_regulator_protein-glutamate_methylesterase	8e92-assembly1.cif.gz_B	LOKIASV2_3341_ESMFold_chemotaxis_response_regulator_protein-glutamate_methylesterase	8e92-assembly1.cif.gz_B D-cycloserine and glutamate bound Human GluN1a-GluN2C NMDA receptor in intact conformation	0.106	252	221	3	250	2	253	7.263E+00	14
LOKIASV2_3341_ESMFold_chemotaxis_response_regulator_protein-glutamate_methylesterase	4v59-assembly1.cif.gz_C	LOKIASV2_3341_ESMFold_chemotaxis_response_regulator_protein-glutamate_methylesterase	4v59-assembly1.cif.gz_C Crystal structure of fatty acid synthase complexed with nadp+ from thermomyces lanuginosus at 3.1 angstrom resolution.	0.119	265	219	81	330	303	567	6.090E+00	14
LOKIASV2_3341_ESMFold_chemotaxis_response_regulator_protein-glutamate_methylesterase	7mqa-assembly1.cif.gz_SM	LOKIASV2_3341_ESMFold_chemotaxis_response_regulator_protein-glutamate_methylesterase	7mqa-assembly1.cif.gz_SM Cryo-EM structure of the human SSU processome, state post-A1	0.107	132	95	2	108	66	197	9.744E+00	13
LOKIASV2_3341_ESMFold_chemotaxis_response_regulator_protein-glutamate_methylesterase	5n72-assembly1.cif.gz_A-2	LOKIASV2_3341_ESMFold_chemotaxis_response_regulator_protein-glutamate_methylesterase	5n72-assembly1.cif.gz_A-2 Crystal structure of the Legionella effector WipA shorter construct	0.155	163	129	50	212	151	304	2.837E+00	13
LOKIASV2_3341_ESMFold_chemotaxis_response_regulator_protein-glutamate_methylesterase	7pmz-assembly1.cif.gz_G	LOKIASV2_3341_ESMFold_chemotaxis_response_regulator_protein-glutamate_methylesterase	7pmz-assembly1.cif.gz_G Crystal structure of Streptomyces coelicolor guaB (IMP dehydrogenase) bound to ATP and ppGpp at 2.0 A resolution	0.121	315	205	35	349	166	399	3.589E+00	13
LOKIASV2_3341_ESMFold_chemotaxis_response_regulator_protein-glutamate_methylesterase	1vb3-assembly1.cif.gz_A	LOKIASV2_3341_ESMFold_chemotaxis_response_regulator_protein-glutamate_methylesterase	1vb3-assembly1.cif.gz_A Crystal Structure of Threonine Synthase from Escherichia coli	0.124	312	243	42	353	118	395	3.009E+00	13
LOKIASV2_3341_ESMFold_chemotaxis_response_regulator_protein-glutamate_methylesterase	6j0w-assembly1.cif.gz_A	LOKIASV2_3341_ESMFold_chemotaxis_response_regulator_protein-glutamate_methylesterase	6j0w-assembly1.cif.gz_A Crystal Structure of Yeast Rtt107 and Nse6	0.093	293	263	1	291	8	300	5.105E+00	13
LOKIASV2_3341_ESMFold_chemotaxis_response_regulator_protein-glutamate_methylesterase	7tz4-assembly1.cif.gz_A	LOKIASV2_3341_ESMFold_chemotaxis_response_regulator_protein-glutamate_methylesterase	7tz4-assembly1.cif.gz_A Salicylate Adenylate PchD from Pseudomonas aeruginosa containing 4-cyanosalicyl-AMS	0.052	335	238	2	336	73	324	7.703E+00	13
LOKIASV2_3341_ESMFold_chemotaxis_response_regulator_protein-glutamate_methylesterase	8og4-assembly1.cif.gz_A	LOKIASV2_3341_ESMFold_chemotaxis_response_regulator_protein-glutamate_methylesterase	8og4-assembly1.cif.gz_A Exostosin-like 3 UDP complex	0.107	317	173	2	196	184	500	4.539E+00	13
LOKIASV2_3341_ESMFold_chemotaxis_response_regulator_protein-glutamate_methylesterase	2c40-assembly1.cif.gz_B	LOKIASV2_3341_ESMFold_chemotaxis_response_regulator_protein-glutamate_methylesterase	2c40-assembly1.cif.gz_B CRYSTAL STRUCTURE OF INOSINE-URIDINE PREFERRING NUCLEOSIDE HYDROLASE FROM BACILLUS ANTHRACIS AT 2.2A RESOLUTION	0.096	290	176	1	290	1	196	4.280E+00	12
LOKIASV2_3341_ESMFold_chemotaxis_response_regulator_protein-glutamate_methylesterase	8fn4-assembly1.cif.gz_2	LOKIASV2_3341_ESMFold_chemotaxis_response_regulator_protein-glutamate_methylesterase	8fn4-assembly1.cif.gz_2 Cryo-EM structure of RNase-treated RESC-A in trypanosomal RNA editing	0.196	64	50	105	168	41	103	9.188E+00	12
LOKIASV2_3341_ESMFold_chemotaxis_response_regulator_protein-glutamate_methylesterase	5upq-assembly1.cif.gz_A	LOKIASV2_3341_ESMFold_chemotaxis_response_regulator_protein-glutamate_methylesterase	5upq-assembly1.cif.gz_A Acyl-CoA synthetase PtmA2 from Streptomyces platensis in complex with SBNP465 ligand	0.092	235	164	2	236	56	237	9.744E+00	12
LOKIASV2_3341_ESMFold_chemotaxis_response_regulator_protein-glutamate_methylesterase	5zme-assembly1.cif.gz_A	LOKIASV2_3341_ESMFold_chemotaxis_response_regulator_protein-glutamate_methylesterase	5zme-assembly1.cif.gz_A Nucleotide-free form of C. reinhardtii ArsA1	0.090	194	154	65	234	213	406	9.188E+00	12
LOKIASV2_3341_ESMFold_chemotaxis_response_regulator_protein-glutamate_methylesterase	4v59-assembly1.cif.gz_D	LOKIASV2_3341_ESMFold_chemotaxis_response_regulator_protein-glutamate_methylesterase	4v59-assembly1.cif.gz_D Crystal structure of fatty acid synthase complexed with nadp+ from thermomyces lanuginosus at 3.1 angstrom resolution.	0.112	268	222	81	331	306	573	9.188E+00	12
LOKIASV2_3341_ESMFold_chemotaxis_response_regulator_protein-glutamate_methylesterase	3pvz-assembly1.cif.gz_A	LOKIASV2_3341_ESMFold_chemotaxis_response_regulator_protein-glutamate_methylesterase	3pvz-assembly1.cif.gz_A UDP-N-acetylglucosamine 4,6-dehydratase from Vibrio fischeri	0.111	225	173	17	241	2	197	5.742E+00	11
LOKIASV2_3341_ESMFold_chemotaxis_response_regulator_protein-glutamate_methylesterase	7o4q-assembly1.cif.gz_B-2	LOKIASV2_3341_ESMFold_chemotaxis_response_regulator_protein-glutamate_methylesterase	7o4q-assembly1.cif.gz_B-2 Structure of Mycobacterium tuberculosis beta-oxidation trifunctional enzyme in space group C2221 (unliganded)	0.087	331	162	36	213	44	374	4.539E+00	11
