query	target	qheader	theader	fident	alnlen	mismatch	qstart	qend	tstart	tend	evalue	bits
LOKIASV2_4273_ESMFold_hypothetical_protein	AF-Q8TUY4-F1-model_v4	LOKIASV2_4273_ESMFold_hypothetical_protein	AF-Q8TUY4-F1-model_v4 50S ribosomal protein L31e	0.517	85	39	66	150	4	85	3.291E-11	418
LOKIASV2_4273_ESMFold_hypothetical_protein	AF-A3CWZ5-F1-model_v4	LOKIASV2_4273_ESMFold_hypothetical_protein	AF-A3CWZ5-F1-model_v4 50S ribosomal protein L31e	0.458	85	44	66	150	4	85	8.065E-11	400
LOKIASV2_4273_ESMFold_hypothetical_protein	AF-Q2FS98-F1-model_v4	LOKIASV2_4273_ESMFold_hypothetical_protein	AF-Q2FS98-F1-model_v4 50S ribosomal protein L31e	0.447	85	45	66	150	4	85	1.346E-10	399
LOKIASV2_4273_ESMFold_hypothetical_protein	AF-B8GEU5-F1-model_v4	LOKIASV2_4273_ESMFold_hypothetical_protein	AF-B8GEU5-F1-model_v4 50S ribosomal protein L31e	0.458	85	44	66	150	4	85	1.346E-10	395
LOKIASV2_4273_ESMFold_hypothetical_protein	AF-O27649-F1-model_v4	LOKIASV2_4273_ESMFold_hypothetical_protein	AF-O27649-F1-model_v4 50S ribosomal protein L31e	0.421	83	46	68	150	1	80	3.095E-10	386
LOKIASV2_4273_ESMFold_hypothetical_protein	AF-Q8PYQ4-F1-model_v4	LOKIASV2_4273_ESMFold_hypothetical_protein	AF-Q8PYQ4-F1-model_v4 50S ribosomal protein L31e	0.441	85	46	66	150	9	92	3.299E-10	380
LOKIASV2_4273_ESMFold_hypothetical_protein	AF-A2STI8-F1-model_v4	LOKIASV2_4273_ESMFold_hypothetical_protein	AF-A2STI8-F1-model_v4 50S ribosomal protein L31e	0.400	85	49	66	150	4	85	5.507E-10	378
LOKIASV2_4273_ESMFold_hypothetical_protein	AF-O28213-F1-model_v4	LOKIASV2_4273_ESMFold_hypothetical_protein	AF-O28213-F1-model_v4 50S ribosomal protein L31e	0.511	85	41	66	150	4	88	1.350E-09	361
LOKIASV2_4273_ESMFold_hypothetical_protein	AF-Q8TIN3-F1-model_v4	LOKIASV2_4273_ESMFold_hypothetical_protein	AF-Q8TIN3-F1-model_v4 50S ribosomal protein L31e	0.418	85	48	66	150	5	88	1.439E-09	359
LOKIASV2_4273_ESMFold_hypothetical_protein	AF-A7I9I7-F1-model_v4	LOKIASV2_4273_ESMFold_hypothetical_protein	AF-A7I9I7-F1-model_v4 50S ribosomal protein L31e	0.409	83	47	68	150	6	85	1.045E-09	358
LOKIASV2_4273_ESMFold_hypothetical_protein	AF-B1YAD6-F1-model_v4	LOKIASV2_4273_ESMFold_hypothetical_protein	AF-B1YAD6-F1-model_v4 50S ribosomal protein L31e	0.360	85	53	66	150	7	90	3.103E-09	347
LOKIASV2_4273_ESMFold_hypothetical_protein	AF-A3MX75-F1-model_v4	LOKIASV2_4273_ESMFold_hypothetical_protein	AF-A3MX75-F1-model_v4 50S ribosomal protein L31e	0.359	88	55	63	150	4	90	4.858E-09	338
LOKIASV2_4273_ESMFold_hypothetical_protein	AF-A1RRQ3-F1-model_v4	LOKIASV2_4273_ESMFold_hypothetical_protein	AF-A1RRQ3-F1-model_v4 50S ribosomal protein L31e	0.360	85	53	66	150	7	90	6.691E-09	334
LOKIASV2_4273_ESMFold_hypothetical_protein	AF-Q8ZTU2-F1-model_v4	LOKIASV2_4273_ESMFold_hypothetical_protein	AF-Q8ZTU2-F1-model_v4 50S ribosomal protein L31e	0.382	88	53	63	150	4	90	8.109E-09	330
LOKIASV2_4273_ESMFold_hypothetical_protein	AF-A4WL96-F1-model_v4	LOKIASV2_4273_ESMFold_hypothetical_protein	AF-A4WL96-F1-model_v4 50S ribosomal protein L31e	0.406	85	49	66	150	7	90	8.645E-09	330
LOKIASV2_4273_ESMFold_hypothetical_protein	AF-P54009-F1-model_v4	LOKIASV2_4273_ESMFold_hypothetical_protein	AF-P54009-F1-model_v4 50S ribosomal protein L31e	0.433	83	45	68	150	7	86	9.217E-09	329
LOKIASV2_4273_ESMFold_hypothetical_protein	AF-A6VI49-F1-model_v4	LOKIASV2_4273_ESMFold_hypothetical_protein	AF-A6VI49-F1-model_v4 50S ribosomal protein L31e	0.361	83	50	68	150	3	82	1.269E-08	323
LOKIASV2_4273_ESMFold_hypothetical_protein	AF-A9A8N0-F1-model_v4	LOKIASV2_4273_ESMFold_hypothetical_protein	AF-A9A8N0-F1-model_v4 50S ribosomal protein L31e	0.373	83	50	68	150	3	82	1.640E-08	320
LOKIASV2_4273_ESMFold_hypothetical_protein	AF-Q9HM17-F1-model_v4	LOKIASV2_4273_ESMFold_hypothetical_protein	AF-Q9HM17-F1-model_v4 50S ribosomal protein L31e	0.306	87	59	64	150	4	89	1.749E-08	319
LOKIASV2_4273_ESMFold_hypothetical_protein	AF-Q0W5H1-F1-model_v4	LOKIASV2_4273_ESMFold_hypothetical_protein	AF-Q0W5H1-F1-model_v4 50S ribosomal protein L31e	0.402	86	49	65	150	6	88	7.134E-09	319
LOKIASV2_4273_ESMFold_hypothetical_protein	AF-A4G0C8-F1-model_v4	LOKIASV2_4273_ESMFold_hypothetical_protein	AF-A4G0C8-F1-model_v4 50S ribosomal protein L31e	0.373	83	50	68	150	3	82	1.987E-08	317
LOKIASV2_4273_ESMFold_hypothetical_protein	AF-C5A7H3-F1-model_v4	LOKIASV2_4273_ESMFold_hypothetical_protein	AF-C5A7H3-F1-model_v4 50S ribosomal protein L31e	0.430	84	47	68	150	7	90	1.538E-08	313
LOKIASV2_4273_ESMFold_hypothetical_protein	AF-Q5JGT5-F1-model_v4	LOKIASV2_4273_ESMFold_hypothetical_protein	AF-Q5JGT5-F1-model_v4 50S ribosomal protein L31e	0.441	84	46	68	150	7	90	1.269E-08	311
LOKIASV2_4273_ESMFold_hypothetical_protein	AF-B8D5Q6-F1-model_v4	LOKIASV2_4273_ESMFold_hypothetical_protein	AF-B8D5Q6-F1-model_v4 50S ribosomal protein L31e	0.261	83	60	68	150	8	89	3.317E-08	310
LOKIASV2_4273_ESMFold_hypothetical_protein	AF-B6YWY3-F1-model_v4	LOKIASV2_4273_ESMFold_hypothetical_protein	AF-B6YWY3-F1-model_v4 50S ribosomal protein L31e	0.395	84	50	68	150	7	90	1.353E-08	308
LOKIASV2_4273_ESMFold_hypothetical_protein	AF-Q6M155-F1-model_v4	LOKIASV2_4273_ESMFold_hypothetical_protein	AF-Q6M155-F1-model_v4 50S ribosomal protein L31e	0.373	83	50	68	150	3	82	4.286E-08	307
LOKIASV2_4273_ESMFold_hypothetical_protein	AF-A2BN56-F1-model_v4	LOKIASV2_4273_ESMFold_hypothetical_protein	AF-A2BN56-F1-model_v4 50S ribosomal protein L31e	0.333	82	54	69	150	7	88	3.111E-08	305
LOKIASV2_4273_ESMFold_hypothetical_protein	AF-A3DNH4-F1-model_v4	LOKIASV2_4273_ESMFold_hypothetical_protein	AF-A3DNH4-F1-model_v4 50S ribosomal protein L31e	0.250	83	61	68	150	8	89	5.903E-08	303
LOKIASV2_4273_ESMFold_hypothetical_protein	AF-A6UT96-F1-model_v4	LOKIASV2_4273_ESMFold_hypothetical_protein	AF-A6UT96-F1-model_v4 50S ribosomal protein L31e	0.349	83	51	68	150	3	82	6.709E-08	301
LOKIASV2_4273_ESMFold_hypothetical_protein	AF-A6UR55-F1-model_v4	LOKIASV2_4273_ESMFold_hypothetical_protein	AF-A6UR55-F1-model_v4 50S ribosomal protein L31e	0.349	83	51	68	150	3	82	8.130E-08	299
LOKIASV2_4273_ESMFold_hypothetical_protein	AF-P58189-F1-model_v4	LOKIASV2_4273_ESMFold_hypothetical_protein	AF-P58189-F1-model_v4 50S ribosomal protein L31e	0.444	88	46	68	150	8	95	1.117E-08	298
LOKIASV2_4273_ESMFold_hypothetical_protein	AF-Q9UYI7-F1-model_v4	LOKIASV2_4273_ESMFold_hypothetical_protein	AF-Q9UYI7-F1-model_v4 50S ribosomal protein L31e	0.444	88	46	68	150	7	94	1.749E-08	293
LOKIASV2_4273_ESMFold_hypothetical_protein	AF-Q97CU1-F1-model_v4	LOKIASV2_4273_ESMFold_hypothetical_protein	AF-Q97CU1-F1-model_v4 50S ribosomal protein L31e	0.238	87	64	64	150	5	89	1.050E-07	285
LOKIASV2_4273_ESMFold_hypothetical_protein	AF-Q18EU7-F1-model_v4	LOKIASV2_4273_ESMFold_hypothetical_protein	AF-Q18EU7-F1-model_v4 50S ribosomal protein L31e	0.356	85	53	68	150	7	91	8.668E-08	283
LOKIASV2_4273_ESMFold_hypothetical_protein	AF-Q8U3S7-F1-model_v4	LOKIASV2_4273_ESMFold_hypothetical_protein	AF-Q8U3S7-F1-model_v4 50S ribosomal protein L31e	0.450	89	45	68	150	7	95	4.286E-08	281
LOKIASV2_4273_ESMFold_hypothetical_protein	AF-B9LUU9-F1-model_v4	LOKIASV2_4273_ESMFold_hypothetical_protein	AF-B9LUU9-F1-model_v4 50S ribosomal protein L31e	0.390	85	50	68	150	7	91	1.194E-07	279
LOKIASV2_4273_ESMFold_hypothetical_protein	AF-Q6L2L1-F1-model_v4	LOKIASV2_4273_ESMFold_hypothetical_protein	AF-Q6L2L1-F1-model_v4 50S ribosomal protein L31e	0.247	88	64	63	150	4	89	4.031E-07	273
LOKIASV2_4273_ESMFold_hypothetical_protein	AF-P18138-F1-model_v4	LOKIASV2_4273_ESMFold_hypothetical_protein	AF-P18138-F1-model_v4 50S ribosomal protein L31e	0.344	85	54	68	150	7	91	2.575E-07	268
LOKIASV2_4273_ESMFold_hypothetical_protein	AF-B0R7X8-F1-model_v4	LOKIASV2_4273_ESMFold_hypothetical_protein	AF-B0R7X8-F1-model_v4 50S ribosomal protein L31e	0.298	85	58	68	150	7	91	2.265E-07	255
LOKIASV2_4273_ESMFold_hypothetical_protein	AF-Q9HMN0-F1-model_v4	LOKIASV2_4273_ESMFold_hypothetical_protein	AF-Q9HMN0-F1-model_v4 50S ribosomal protein L31e	0.298	85	58	68	150	7	91	2.265E-07	255
LOKIASV2_4273_ESMFold_hypothetical_protein	AF-Q3ITD6-F1-model_v4	LOKIASV2_4273_ESMFold_hypothetical_protein	AF-Q3ITD6-F1-model_v4 50S ribosomal protein L31e	0.292	85	58	68	150	6	90	4.581E-07	251
LOKIASV2_4273_ESMFold_hypothetical_protein	AF-Q9STR1-F1-model_v4	LOKIASV2_4273_ESMFold_hypothetical_protein	AF-Q9STR1-F1-model_v4 60S ribosomal protein L31-2	0.288	88	58	69	150	13	100	7.647E-07	245
LOKIASV2_4273_ESMFold_hypothetical_protein	AF-Q9SLL7-F1-model_v4	LOKIASV2_4273_ESMFold_hypothetical_protein	AF-Q9SLL7-F1-model_v4 60S ribosomal protein L31-1	0.277	88	59	69	150	13	100	1.053E-06	241
LOKIASV2_4273_ESMFold_hypothetical_protein	AF-P51420-F1-model_v4	LOKIASV2_4273_ESMFold_hypothetical_protein	AF-P51420-F1-model_v4 60S ribosomal protein L31-3	0.300	88	57	69	150	13	100	1.053E-06	241
LOKIASV2_4273_ESMFold_hypothetical_protein	AF-P46290-F1-model_v4	LOKIASV2_4273_ESMFold_hypothetical_protein	AF-P46290-F1-model_v4 60S ribosomal protein L31	0.255	88	60	69	150	14	101	1.123E-06	240
LOKIASV2_4273_ESMFold_hypothetical_protein	AF-A8A968-F1-model_v4	LOKIASV2_4273_ESMFold_hypothetical_protein	AF-A8A968-F1-model_v4 50S ribosomal protein L31e	0.282	90	60	67	150	5	94	7.647E-07	236
LOKIASV2_4273_ESMFold_hypothetical_protein	AF-Q8SSC8-F1-model_v4	LOKIASV2_4273_ESMFold_hypothetical_protein	AF-Q8SSC8-F1-model_v4 60S ribosomal protein L31	0.261	87	60	69	150	10	96	1.123E-06	232
LOKIASV2_4273_ESMFold_hypothetical_protein	AF-Q9MAV7-F1-model_v4	LOKIASV2_4273_ESMFold_hypothetical_protein	AF-Q9MAV7-F1-model_v4 60S ribosomal protein L31	0.255	88	60	69	150	14	101	2.130E-06	232
LOKIASV2_4273_ESMFold_hypothetical_protein	AF-Q9GP16-F1-model_v4	LOKIASV2_4273_ESMFold_hypothetical_protein	AF-Q9GP16-F1-model_v4 60S ribosomal protein L31	0.244	88	61	69	150	19	106	1.998E-06	232
LOKIASV2_4273_ESMFold_hypothetical_protein	AF-Q9YD25-F1-model_v4	LOKIASV2_4273_ESMFold_hypothetical_protein	AF-Q9YD25-F1-model_v4 50S ribosomal protein L31e	0.274	88	59	69	150	6	93	1.998E-06	231
LOKIASV2_4273_ESMFold_hypothetical_protein	AF-P62900-F1-model_v4	LOKIASV2_4273_ESMFold_hypothetical_protein	AF-P62900-F1-model_v4 60S ribosomal protein L31	0.255	88	60	69	150	22	109	2.752E-06	230
LOKIASV2_4273_ESMFold_hypothetical_protein	AF-P62899-F1-model_v4	LOKIASV2_4273_ESMFold_hypothetical_protein	AF-P62899-F1-model_v4 60S ribosomal protein L31	0.255	88	60	69	150	22	109	2.752E-06	230
LOKIASV2_4273_ESMFold_hypothetical_protein	AF-Q9IA76-F1-model_v4	LOKIASV2_4273_ESMFold_hypothetical_protein	AF-Q9IA76-F1-model_v4 60S ribosomal protein L31	0.244	88	61	69	150	21	108	2.934E-06	229
LOKIASV2_4273_ESMFold_hypothetical_protein	AF-Q7KF90-F1-model_v4	LOKIASV2_4273_ESMFold_hypothetical_protein	AF-Q7KF90-F1-model_v4 60S ribosomal protein L31	0.244	88	61	69	150	19	106	2.581E-06	229
LOKIASV2_4273_ESMFold_hypothetical_protein	AF-P62902-F1-model_v4	LOKIASV2_4273_ESMFold_hypothetical_protein	AF-P62902-F1-model_v4 60S ribosomal protein L31	0.255	88	60	69	150	22	109	3.128E-06	228
LOKIASV2_4273_ESMFold_hypothetical_protein	AF-Q5RBR9-F1-model_v4	LOKIASV2_4273_ESMFold_hypothetical_protein	AF-Q5RBR9-F1-model_v4 60S ribosomal protein L31	0.255	88	60	69	150	22	109	3.128E-06	228
LOKIASV2_4273_ESMFold_hypothetical_protein	AF-Q1KSC7-F1-model_v4	LOKIASV2_4273_ESMFold_hypothetical_protein	AF-Q1KSC7-F1-model_v4 60S ribosomal protein L31	0.255	88	60	69	150	22	109	3.335E-06	227
LOKIASV2_4273_ESMFold_hypothetical_protein	AF-Q9XGL4-F1-model_v4	LOKIASV2_4273_ESMFold_hypothetical_protein	AF-Q9XGL4-F1-model_v4 60S ribosomal protein L31	0.233	88	62	69	150	16	103	3.335E-06	226
LOKIASV2_4273_ESMFold_hypothetical_protein	AF-P62901-F1-model_v4	LOKIASV2_4273_ESMFold_hypothetical_protein	AF-P62901-F1-model_v4 60S ribosomal protein L31	0.255	88	60	69	150	22	109	3.791E-06	226
LOKIASV2_4273_ESMFold_hypothetical_protein	AF-Q90YT7-F1-model_v4	LOKIASV2_4273_ESMFold_hypothetical_protein	AF-Q90YT7-F1-model_v4 60S ribosomal protein L31	0.222	88	63	69	150	22	109	3.556E-06	226
LOKIASV2_4273_ESMFold_hypothetical_protein	AF-Q56JX3-F1-model_v4	LOKIASV2_4273_ESMFold_hypothetical_protein	AF-Q56JX3-F1-model_v4 60S ribosomal protein L31	0.255	88	60	69	150	22	109	3.791E-06	226
LOKIASV2_4273_ESMFold_hypothetical_protein	AF-Q9M573-F1-model_v4	LOKIASV2_4273_ESMFold_hypothetical_protein	AF-Q9M573-F1-model_v4 60S ribosomal protein L31	0.277	88	59	69	150	15	102	3.556E-06	224
LOKIASV2_4273_ESMFold_hypothetical_protein	AF-Q9GN74-F1-model_v4	LOKIASV2_4273_ESMFold_hypothetical_protein	AF-Q9GN74-F1-model_v4 60S ribosomal protein L31	0.266	88	59	69	150	19	106	4.594E-06	223
LOKIASV2_4273_ESMFold_hypothetical_protein	AF-Q9URX6-F1-model_v4	LOKIASV2_4273_ESMFold_hypothetical_protein	AF-Q9URX6-F1-model_v4 60S ribosomal protein L31	0.290	84	58	69	150	14	97	1.649E-06	222
LOKIASV2_4273_ESMFold_hypothetical_protein	AF-O65071-F1-model_v4	LOKIASV2_4273_ESMFold_hypothetical_protein	AF-O65071-F1-model_v4 60S ribosomal protein L31	0.244	88	61	69	150	14	101	4.897E-06	222
LOKIASV2_4273_ESMFold_hypothetical_protein	AF-Q9U332-F1-model_v4	LOKIASV2_4273_ESMFold_hypothetical_protein	AF-Q9U332-F1-model_v4 60S ribosomal protein L31	0.222	88	63	69	150	18	105	5.221E-06	222
LOKIASV2_4273_ESMFold_hypothetical_protein	AF-Q6NUH0-F1-model_v4	LOKIASV2_4273_ESMFold_hypothetical_protein	AF-Q6NUH0-F1-model_v4 60S ribosomal protein L31	0.244	88	61	69	150	22	109	5.221E-06	222
LOKIASV2_4273_ESMFold_hypothetical_protein	AF-P45841-F1-model_v4	LOKIASV2_4273_ESMFold_hypothetical_protein	AF-P45841-F1-model_v4 60S ribosomal protein L31	0.255	88	60	69	150	13	100	5.567E-06	220
LOKIASV2_4273_ESMFold_hypothetical_protein	AF-Q9V597-F1-model_v4	LOKIASV2_4273_ESMFold_hypothetical_protein	AF-Q9V597-F1-model_v4 60S ribosomal protein L31	0.266	88	59	69	150	19	106	5.935E-06	219
LOKIASV2_4273_ESMFold_hypothetical_protein	AF-P0C2H9-F1-model_v4	LOKIASV2_4273_ESMFold_hypothetical_protein	AF-P0C2H9-F1-model_v4 60S ribosomal protein L31-B	0.244	88	61	69	150	9	96	1.126E-05	214
LOKIASV2_4273_ESMFold_hypothetical_protein	AF-C4KIJ0-F1-model_v4	LOKIASV2_4273_ESMFold_hypothetical_protein	AF-C4KIJ0-F1-model_v4 50S ribosomal protein L31e	0.304	82	54	69	150	6	84	1.653E-05	212
LOKIASV2_4273_ESMFold_hypothetical_protein	AF-Q6FWF4-F1-model_v4	LOKIASV2_4273_ESMFold_hypothetical_protein	AF-Q6FWF4-F1-model_v4 60S ribosomal protein L31	0.244	88	61	69	150	9	96	1.200E-05	212
LOKIASV2_4273_ESMFold_hypothetical_protein	AF-C3MXG6-F1-model_v4	LOKIASV2_4273_ESMFold_hypothetical_protein	AF-C3MXG6-F1-model_v4 50S ribosomal protein L31e	0.304	82	54	69	150	6	84	1.653E-05	211
LOKIASV2_4273_ESMFold_hypothetical_protein	AF-P58190-F1-model_v4	LOKIASV2_4273_ESMFold_hypothetical_protein	AF-P58190-F1-model_v4 50S ribosomal protein L31e	0.304	82	54	69	150	6	84	1.551E-05	211
LOKIASV2_4273_ESMFold_hypothetical_protein	AF-C3NGA2-F1-model_v4	LOKIASV2_4273_ESMFold_hypothetical_protein	AF-C3NGA2-F1-model_v4 50S ribosomal protein L31e	0.304	82	54	69	150	6	84	1.653E-05	211
LOKIASV2_4273_ESMFold_hypothetical_protein	AF-Q54XB5-F1-model_v4	LOKIASV2_4273_ESMFold_hypothetical_protein	AF-Q54XB5-F1-model_v4 60S ribosomal protein L31	0.244	88	61	69	150	8	95	1.200E-05	211
LOKIASV2_4273_ESMFold_hypothetical_protein	AF-C3MZB2-F1-model_v4	LOKIASV2_4273_ESMFold_hypothetical_protein	AF-C3MZB2-F1-model_v4 50S ribosomal protein L31e	0.304	82	54	69	150	6	84	2.277E-05	209
LOKIASV2_4273_ESMFold_hypothetical_protein	AF-P0C2H8-F1-model_v4	LOKIASV2_4273_ESMFold_hypothetical_protein	AF-P0C2H8-F1-model_v4 60S ribosomal protein L31-A	0.233	88	62	69	150	9	96	1.763E-05	209
LOKIASV2_4273_ESMFold_hypothetical_protein	AF-Q22DH9-F1-model_v4	LOKIASV2_4273_ESMFold_hypothetical_protein	AF-Q22DH9-F1-model_v4 60S ribosomal protein L31	0.276	92	60	67	150	4	95	9.906E-06	207
LOKIASV2_4273_ESMFold_hypothetical_protein	AF-O18602-F1-model_v4	LOKIASV2_4273_ESMFold_hypothetical_protein	AF-O18602-F1-model_v4 60S ribosomal protein L31	0.244	92	61	69	150	19	110	9.906E-06	206
LOKIASV2_4273_ESMFold_hypothetical_protein	AF-C3MR77-F1-model_v4	LOKIASV2_4273_ESMFold_hypothetical_protein	AF-C3MR77-F1-model_v4 50S ribosomal protein L31e	0.304	82	54	69	150	6	84	2.942E-05	205
LOKIASV2_4273_ESMFold_hypothetical_protein	AF-Q757D7-F1-model_v4	LOKIASV2_4273_ESMFold_hypothetical_protein	AF-Q757D7-F1-model_v4 60S ribosomal protein L31	0.244	88	61	69	150	9	96	2.277E-05	204
LOKIASV2_4273_ESMFold_hypothetical_protein	AF-Q971I2-F1-model_v4	LOKIASV2_4273_ESMFold_hypothetical_protein	AF-Q971I2-F1-model_v4 50S ribosomal protein L31e	0.285	84	57	67	150	4	84	3.801E-05	199
LOKIASV2_4273_ESMFold_hypothetical_protein	AF-C3N7D2-F1-model_v4	LOKIASV2_4273_ESMFold_hypothetical_protein	AF-C3N7D2-F1-model_v4 50S ribosomal protein L31e	0.304	82	54	69	150	6	84	5.235E-05	198
LOKIASV2_4273_ESMFold_hypothetical_protein	AF-P38618-F1-model_v4	LOKIASV2_4273_ESMFold_hypothetical_protein	AF-P38618-F1-model_v4 50S ribosomal protein L31e	0.189	137	100	14	150	2	125	1.283E-04	143
LOKIASV2_4273_ESMFold_hypothetical_protein	AF-A6Q6H8-F1-model_v4	LOKIASV2_4273_ESMFold_hypothetical_protein	AF-A6Q6H8-F1-model_v4 50S ribosomal protein L11	0.170	84	54	66	149	5	70	3.613E+00	30
LOKIASV2_4273_ESMFold_hypothetical_protein	AF-A8EVZ8-F1-model_v4	LOKIASV2_4273_ESMFold_hypothetical_protein	AF-A8EVZ8-F1-model_v4 50S ribosomal protein L11	0.168	84	54	66	149	5	70	3.613E+00	29
LOKIASV2_4273_ESMFold_hypothetical_protein	AF-Q9TM01-F1-model_v4	LOKIASV2_4273_ESMFold_hypothetical_protein	AF-Q9TM01-F1-model_v4 50S ribosomal protein L11, chloroplastic	0.152	84	55	66	149	5	70	3.852E+00	29
LOKIASV2_4273_ESMFold_hypothetical_protein	AF-B1L939-F1-model_v4	LOKIASV2_4273_ESMFold_hypothetical_protein	AF-B1L939-F1-model_v4 50S ribosomal protein L11	0.119	84	57	66	149	5	70	4.379E+00	29
LOKIASV2_4273_ESMFold_hypothetical_protein	AF-B2A4C6-F1-model_v4	LOKIASV2_4273_ESMFold_hypothetical_protein	AF-B2A4C6-F1-model_v4 50S ribosomal protein L11	0.095	84	59	66	149	5	70	5.657E+00	29
LOKIASV2_4273_ESMFold_hypothetical_protein	AF-A5IJW7-F1-model_v4	LOKIASV2_4273_ESMFold_hypothetical_protein	AF-A5IJW7-F1-model_v4 50S ribosomal protein L11	0.119	84	57	66	149	5	70	4.379E+00	29
LOKIASV2_4273_ESMFold_hypothetical_protein	AF-C1CQB5-F1-model_v4	LOKIASV2_4273_ESMFold_hypothetical_protein	AF-C1CQB5-F1-model_v4 50S ribosomal protein L11	0.147	84	55	66	149	5	70	3.852E+00	29
LOKIASV2_4273_ESMFold_hypothetical_protein	AF-P29395-F1-model_v4	LOKIASV2_4273_ESMFold_hypothetical_protein	AF-P29395-F1-model_v4 50S ribosomal protein L11	0.095	84	59	66	149	5	70	5.306E+00	29
LOKIASV2_4273_ESMFold_hypothetical_protein	AF-B0KCI8-F1-model_v4	LOKIASV2_4273_ESMFold_hypothetical_protein	AF-B0KCI8-F1-model_v4 50S ribosomal protein L11	0.107	84	58	66	149	5	70	6.031E+00	28
LOKIASV2_4273_ESMFold_hypothetical_protein	AF-Q2YSC4-F1-model_v4	LOKIASV2_4273_ESMFold_hypothetical_protein	AF-Q2YSC4-F1-model_v4 50S ribosomal protein L11	0.136	84	56	66	149	5	70	4.668E+00	28
LOKIASV2_4273_ESMFold_hypothetical_protein	AF-P0A0F1-F1-model_v4	LOKIASV2_4273_ESMFold_hypothetical_protein	AF-P0A0F1-F1-model_v4 50S ribosomal protein L11	0.136	84	56	66	149	5	70	4.977E+00	28
LOKIASV2_4273_ESMFold_hypothetical_protein	AF-B0K5G4-F1-model_v4	LOKIASV2_4273_ESMFold_hypothetical_protein	AF-B0K5G4-F1-model_v4 50S ribosomal protein L11	0.107	84	58	66	149	5	70	6.430E+00	28
LOKIASV2_4273_ESMFold_hypothetical_protein	AF-A4VW09-F1-model_v4	LOKIASV2_4273_ESMFold_hypothetical_protein	AF-A4VW09-F1-model_v4 50S ribosomal protein L11	0.147	84	55	66	149	5	70	4.668E+00	28
LOKIASV2_4273_ESMFold_hypothetical_protein	AF-B9KBJ9-F1-model_v4	LOKIASV2_4273_ESMFold_hypothetical_protein	AF-B9KBJ9-F1-model_v4 50S ribosomal protein L11	0.095	84	59	66	149	5	70	6.430E+00	28
LOKIASV2_4273_ESMFold_hypothetical_protein	AF-P0DE00-F1-model_v4	LOKIASV2_4273_ESMFold_hypothetical_protein	AF-P0DE00-F1-model_v4 50S ribosomal protein L11	0.147	84	55	66	149	5	70	4.107E+00	28
LOKIASV2_4273_ESMFold_hypothetical_protein	AF-Q3K003-F1-model_v4	LOKIASV2_4273_ESMFold_hypothetical_protein	AF-Q3K003-F1-model_v4 50S ribosomal protein L11	0.147	84	55	66	149	5	70	4.668E+00	28
LOKIASV2_4273_ESMFold_hypothetical_protein	AF-P66058-F1-model_v4	LOKIASV2_4273_ESMFold_hypothetical_protein	AF-P66058-F1-model_v4 50S ribosomal protein L11	0.147	84	55	66	149	5	70	4.668E+00	28
LOKIASV2_4273_ESMFold_hypothetical_protein	AF-Q97RZ6-F1-model_v4	LOKIASV2_4273_ESMFold_hypothetical_protein	AF-Q97RZ6-F1-model_v4 50S ribosomal protein L11	0.147	84	55	66	149	5	70	3.852E+00	28
LOKIASV2_4273_ESMFold_hypothetical_protein	AF-Q1JN34-F1-model_v4	LOKIASV2_4273_ESMFold_hypothetical_protein	AF-Q1JN34-F1-model_v4 50S ribosomal protein L11	0.147	84	55	66	149	5	70	4.107E+00	28
LOKIASV2_4273_ESMFold_hypothetical_protein	AF-A2RG33-F1-model_v4	LOKIASV2_4273_ESMFold_hypothetical_protein	AF-A2RG33-F1-model_v4 50S ribosomal protein L11	0.147	84	55	66	149	5	70	4.107E+00	28
LOKIASV2_4273_ESMFold_hypothetical_protein	AF-Q7UMY7-F1-model_v4	LOKIASV2_4273_ESMFold_hypothetical_protein	AF-Q7UMY7-F1-model_v4 50S ribosomal protein L11	0.119	84	57	66	149	5	70	4.668E+00	28
LOKIASV2_4273_ESMFold_hypothetical_protein	AF-Q8CWS9-F1-model_v4	LOKIASV2_4273_ESMFold_hypothetical_protein	AF-Q8CWS9-F1-model_v4 50S ribosomal protein L11	0.147	84	55	66	149	5	70	4.379E+00	28
LOKIASV2_4273_ESMFold_hypothetical_protein	AF-A3CPA6-F1-model_v4	LOKIASV2_4273_ESMFold_hypothetical_protein	AF-A3CPA6-F1-model_v4 50S ribosomal protein L11	0.147	84	55	66	149	5	70	4.379E+00	28
LOKIASV2_4273_ESMFold_hypothetical_protein	AF-B2IMU7-F1-model_v4	LOKIASV2_4273_ESMFold_hypothetical_protein	AF-B2IMU7-F1-model_v4 50S ribosomal protein L11	0.147	84	55	66	149	5	70	4.107E+00	28
LOKIASV2_4273_ESMFold_hypothetical_protein	AF-C4KZQ9-F1-model_v4	LOKIASV2_4273_ESMFold_hypothetical_protein	AF-C4KZQ9-F1-model_v4 50S ribosomal protein L11	0.147	84	55	66	149	5	70	4.977E+00	28
LOKIASV2_4273_ESMFold_hypothetical_protein	AF-Q2FJA3-F1-model_v4	LOKIASV2_4273_ESMFold_hypothetical_protein	AF-Q2FJA3-F1-model_v4 50S ribosomal protein L11	0.136	84	56	66	149	5	70	5.306E+00	27
LOKIASV2_4273_ESMFold_hypothetical_protein	AF-Q8DSX9-F1-model_v4	LOKIASV2_4273_ESMFold_hypothetical_protein	AF-Q8DSX9-F1-model_v4 50S ribosomal protein L11	0.147	84	55	66	149	5	70	4.977E+00	27
LOKIASV2_4273_ESMFold_hypothetical_protein	AF-P62439-F1-model_v4	LOKIASV2_4273_ESMFold_hypothetical_protein	AF-P62439-F1-model_v4 50S ribosomal protein L11	0.107	84	58	66	149	5	70	6.430E+00	27
LOKIASV2_4273_ESMFold_hypothetical_protein	AF-A4W2B7-F1-model_v4	LOKIASV2_4273_ESMFold_hypothetical_protein	AF-A4W2B7-F1-model_v4 50S ribosomal protein L11	0.147	84	55	66	149	5	70	4.379E+00	27
LOKIASV2_4273_ESMFold_hypothetical_protein	AF-Q48UX9-F1-model_v4	LOKIASV2_4273_ESMFold_hypothetical_protein	AF-Q48UX9-F1-model_v4 50S ribosomal protein L11	0.147	84	55	66	149	5	70	4.977E+00	27
LOKIASV2_4273_ESMFold_hypothetical_protein	AF-C1C5Z8-F1-model_v4	LOKIASV2_4273_ESMFold_hypothetical_protein	AF-C1C5Z8-F1-model_v4 50S ribosomal protein L11	0.147	84	55	66	149	5	70	4.668E+00	27
LOKIASV2_4273_ESMFold_hypothetical_protein	AF-C0MBU0-F1-model_v4	LOKIASV2_4273_ESMFold_hypothetical_protein	AF-C0MBU0-F1-model_v4 50S ribosomal protein L11	0.117	84	57	66	149	5	70	4.977E+00	27
LOKIASV2_4273_ESMFold_hypothetical_protein	AF-B8ZML8-F1-model_v4	LOKIASV2_4273_ESMFold_hypothetical_protein	AF-B8ZML8-F1-model_v4 50S ribosomal protein L11	0.147	84	55	66	149	5	70	4.668E+00	27
LOKIASV2_4273_ESMFold_hypothetical_protein	AF-Q03IP3-F1-model_v4	LOKIASV2_4273_ESMFold_hypothetical_protein	AF-Q03IP3-F1-model_v4 50S ribosomal protein L11	0.147	84	55	66	149	5	70	4.977E+00	27
LOKIASV2_4273_ESMFold_hypothetical_protein	AF-Q5XDH7-F1-model_v4	LOKIASV2_4273_ESMFold_hypothetical_protein	AF-Q5XDH7-F1-model_v4 50S ribosomal protein L11	0.147	84	55	66	149	5	70	4.977E+00	27
LOKIASV2_4273_ESMFold_hypothetical_protein	AF-B9DRE8-F1-model_v4	LOKIASV2_4273_ESMFold_hypothetical_protein	AF-B9DRE8-F1-model_v4 50S ribosomal protein L11	0.159	84	55	66	149	5	70	4.977E+00	27
LOKIASV2_4273_ESMFold_hypothetical_protein	AF-Q5LXZ5-F1-model_v4	LOKIASV2_4273_ESMFold_hypothetical_protein	AF-Q5LXZ5-F1-model_v4 50S ribosomal protein L11	0.147	84	55	66	149	5	70	4.977E+00	27
LOKIASV2_4273_ESMFold_hypothetical_protein	AF-B5E2M5-F1-model_v4	LOKIASV2_4273_ESMFold_hypothetical_protein	AF-B5E2M5-F1-model_v4 50S ribosomal protein L11	0.147	84	55	66	149	5	70	4.668E+00	27
LOKIASV2_4273_ESMFold_hypothetical_protein	AF-P47082-F1-model_v4	LOKIASV2_4273_ESMFold_hypothetical_protein	AF-P47082-F1-model_v4 Vacuolar amino acid transporter 1	0.421	19	10	132	150	187	205	2.165E+00	27
LOKIASV2_4273_ESMFold_hypothetical_protein	AF-Q5HRL5-F1-model_v4	LOKIASV2_4273_ESMFold_hypothetical_protein	AF-Q5HRL5-F1-model_v4 50S ribosomal protein L11	0.147	84	55	66	149	5	70	6.855E+00	26
LOKIASV2_4273_ESMFold_hypothetical_protein	AF-P36254-F1-model_v4	LOKIASV2_4273_ESMFold_hypothetical_protein	AF-P36254-F1-model_v4 50S ribosomal protein L11	0.147	84	55	66	149	5	70	6.031E+00	26
LOKIASV2_4273_ESMFold_hypothetical_protein	AF-P66059-F1-model_v4	LOKIASV2_4273_ESMFold_hypothetical_protein	AF-P66059-F1-model_v4 50S ribosomal protein L11	0.147	84	55	66	149	5	70	5.657E+00	26
LOKIASV2_4273_ESMFold_hypothetical_protein	AF-Q1JD61-F1-model_v4	LOKIASV2_4273_ESMFold_hypothetical_protein	AF-Q1JD61-F1-model_v4 50S ribosomal protein L11	0.147	84	55	66	149	5	70	6.031E+00	26
LOKIASV2_4273_ESMFold_hypothetical_protein	AF-Q04LP7-F1-model_v4	LOKIASV2_4273_ESMFold_hypothetical_protein	AF-Q04LP7-F1-model_v4 50S ribosomal protein L11	0.147	84	55	66	149	5	70	5.306E+00	26
LOKIASV2_4273_ESMFold_hypothetical_protein	AF-B5XK61-F1-model_v4	LOKIASV2_4273_ESMFold_hypothetical_protein	AF-B5XK61-F1-model_v4 50S ribosomal protein L11	0.147	84	55	66	149	5	70	5.657E+00	26
LOKIASV2_4273_ESMFold_hypothetical_protein	AF-P66054-F1-model_v4	LOKIASV2_4273_ESMFold_hypothetical_protein	AF-P66054-F1-model_v4 50S ribosomal protein L11	0.159	84	55	66	149	5	70	6.855E+00	26
LOKIASV2_4273_ESMFold_hypothetical_protein	AF-Q1J835-F1-model_v4	LOKIASV2_4273_ESMFold_hypothetical_protein	AF-Q1J835-F1-model_v4 50S ribosomal protein L11	0.147	84	55	66	149	5	70	5.657E+00	26
LOKIASV2_4273_ESMFold_hypothetical_protein	AF-Q5M2J9-F1-model_v4	LOKIASV2_4273_ESMFold_hypothetical_protein	AF-Q5M2J9-F1-model_v4 50S ribosomal protein L11	0.147	84	55	66	149	5	70	5.657E+00	26
LOKIASV2_4273_ESMFold_hypothetical_protein	AF-C0MHG3-F1-model_v4	LOKIASV2_4273_ESMFold_hypothetical_protein	AF-C0MHG3-F1-model_v4 50S ribosomal protein L11	0.095	84	59	66	149	5	70	6.855E+00	26
LOKIASV2_4273_ESMFold_hypothetical_protein	AF-A4XLK2-F1-model_v4	LOKIASV2_4273_ESMFold_hypothetical_protein	AF-A4XLK2-F1-model_v4 50S ribosomal protein L11	0.170	84	54	66	149	5	70	5.657E+00	26
LOKIASV2_4273_ESMFold_hypothetical_protein	AF-C1CJA5-F1-model_v4	LOKIASV2_4273_ESMFold_hypothetical_protein	AF-C1CJA5-F1-model_v4 50S ribosomal protein L11	0.117	84	57	66	149	5	70	6.031E+00	26
LOKIASV2_4273_ESMFold_hypothetical_protein	AF-Q5RBB3-F1-model_v4	LOKIASV2_4273_ESMFold_hypothetical_protein	AF-Q5RBB3-F1-model_v4 RNA-binding protein NOB1	0.300	20	13	131	150	291	310	6.430E+00	26
LOKIASV2_4273_ESMFold_hypothetical_protein	AF-Q4KCP0-F1-model_v4	LOKIASV2_4273_ESMFold_hypothetical_protein	AF-Q4KCP0-F1-model_v4 Glycogen synthase	0.210	19	14	132	150	110	128	4.668E+00	26
LOKIASV2_4273_ESMFold_hypothetical_protein	AF-B8D0B2-F1-model_v4	LOKIASV2_4273_ESMFold_hypothetical_protein	AF-B8D0B2-F1-model_v4 50S ribosomal protein L11	0.125	84	57	66	149	5	70	6.855E+00	25
LOKIASV2_4273_ESMFold_hypothetical_protein	AF-Q6GJD1-F1-model_v4	LOKIASV2_4273_ESMFold_hypothetical_protein	AF-Q6GJD1-F1-model_v4 50S ribosomal protein L11	0.136	84	56	66	149	5	70	7.308E+00	25
LOKIASV2_4273_ESMFold_hypothetical_protein	AF-Q8CTT5-F1-model_v4	LOKIASV2_4273_ESMFold_hypothetical_protein	AF-Q8CTT5-F1-model_v4 50S ribosomal protein L11	0.147	84	55	66	149	5	70	7.308E+00	25
LOKIASV2_4273_ESMFold_hypothetical_protein	AF-P0A0F3-F1-model_v4	LOKIASV2_4273_ESMFold_hypothetical_protein	AF-P0A0F3-F1-model_v4 50S ribosomal protein L11	0.136	84	56	66	149	5	70	7.792E+00	25
LOKIASV2_4273_ESMFold_hypothetical_protein	AF-A6TZ14-F1-model_v4	LOKIASV2_4273_ESMFold_hypothetical_protein	AF-A6TZ14-F1-model_v4 50S ribosomal protein L11	0.136	84	56	66	149	5	70	7.792E+00	25
LOKIASV2_4273_ESMFold_hypothetical_protein	AF-Q5HID8-F1-model_v4	LOKIASV2_4273_ESMFold_hypothetical_protein	AF-Q5HID8-F1-model_v4 50S ribosomal protein L11	0.136	84	56	66	149	5	70	7.792E+00	25
LOKIASV2_4273_ESMFold_hypothetical_protein	AF-Q6GBV0-F1-model_v4	LOKIASV2_4273_ESMFold_hypothetical_protein	AF-Q6GBV0-F1-model_v4 50S ribosomal protein L11	0.136	84	56	66	149	5	70	7.308E+00	25
LOKIASV2_4273_ESMFold_hypothetical_protein	AF-P0A0F4-F1-model_v4	LOKIASV2_4273_ESMFold_hypothetical_protein	AF-P0A0F4-F1-model_v4 50S ribosomal protein L11	0.136	84	56	66	149	5	70	7.308E+00	25
LOKIASV2_4273_ESMFold_hypothetical_protein	AF-P0A0F2-F1-model_v4	LOKIASV2_4273_ESMFold_hypothetical_protein	AF-P0A0F2-F1-model_v4 50S ribosomal protein L11	0.136	84	56	66	149	5	70	7.308E+00	25
LOKIASV2_4273_ESMFold_hypothetical_protein	AF-Q4L3J6-F1-model_v4	LOKIASV2_4273_ESMFold_hypothetical_protein	AF-Q4L3J6-F1-model_v4 50S ribosomal protein L11	0.147	84	55	66	149	5	70	7.792E+00	25
LOKIASV2_4273_ESMFold_hypothetical_protein	AF-C1FMW3-F1-model_v4	LOKIASV2_4273_ESMFold_hypothetical_protein	AF-C1FMW3-F1-model_v4 50S ribosomal protein L11	0.147	84	55	66	149	5	70	6.430E+00	25
LOKIASV2_4273_ESMFold_hypothetical_protein	AF-A5N4N5-F1-model_v4	LOKIASV2_4273_ESMFold_hypothetical_protein	AF-A5N4N5-F1-model_v4 50S ribosomal protein L11	0.181	84	53	66	149	5	70	4.977E+00	25
LOKIASV2_4273_ESMFold_hypothetical_protein	AF-A6TWJ4-F1-model_v4	LOKIASV2_4273_ESMFold_hypothetical_protein	AF-A6TWJ4-F1-model_v4 50S ribosomal protein L11	0.136	84	56	66	149	5	70	6.430E+00	25
LOKIASV2_4273_ESMFold_hypothetical_protein	AF-B1HNL6-F1-model_v4	LOKIASV2_4273_ESMFold_hypothetical_protein	AF-B1HNL6-F1-model_v4 50S ribosomal protein L11	0.136	84	56	66	149	5	70	7.308E+00	25
LOKIASV2_4273_ESMFold_hypothetical_protein	AF-Q9CE46-F1-model_v4	LOKIASV2_4273_ESMFold_hypothetical_protein	AF-Q9CE46-F1-model_v4 50S ribosomal protein L11	0.147	84	55	66	149	5	70	6.031E+00	25
LOKIASV2_4273_ESMFold_hypothetical_protein	AF-Q0TMN4-F1-model_v4	LOKIASV2_4273_ESMFold_hypothetical_protein	AF-Q0TMN4-F1-model_v4 50S ribosomal protein L11	0.159	84	55	66	149	5	70	6.855E+00	25
LOKIASV2_4273_ESMFold_hypothetical_protein	AF-A9KJM0-F1-model_v4	LOKIASV2_4273_ESMFold_hypothetical_protein	AF-A9KJM0-F1-model_v4 50S ribosomal protein L11	0.159	84	55	66	149	5	70	5.657E+00	25
LOKIASV2_4273_ESMFold_hypothetical_protein	AF-B8E0K3-F1-model_v4	LOKIASV2_4273_ESMFold_hypothetical_protein	AF-B8E0K3-F1-model_v4 50S ribosomal protein L11	0.119	84	57	66	149	5	70	7.308E+00	25
LOKIASV2_4273_ESMFold_hypothetical_protein	AF-A5FIK2-F1-model_v4	LOKIASV2_4273_ESMFold_hypothetical_protein	AF-A5FIK2-F1-model_v4 50S ribosomal protein L11	0.127	84	57	66	149	5	70	7.308E+00	25
LOKIASV2_4273_ESMFold_hypothetical_protein	AF-B1AJI2-F1-model_v4	LOKIASV2_4273_ESMFold_hypothetical_protein	AF-B1AJI2-F1-model_v4 50S ribosomal protein L11	0.095	84	55	66	149	8	69	5.306E+00	25
LOKIASV2_4273_ESMFold_hypothetical_protein	AF-Q8BW10-F1-model_v4	LOKIASV2_4273_ESMFold_hypothetical_protein	AF-Q8BW10-F1-model_v4 RNA-binding protein NOB1	0.250	20	14	131	150	283	302	8.307E+00	25
LOKIASV2_4273_ESMFold_hypothetical_protein	AF-Q6VEU1-F1-model_v4	LOKIASV2_4273_ESMFold_hypothetical_protein	AF-Q6VEU1-F1-model_v4 RNA-binding protein NOB1	0.250	20	14	131	150	290	309	8.307E+00	25
LOKIASV2_4273_ESMFold_hypothetical_protein	AF-Q4R537-F1-model_v4	LOKIASV2_4273_ESMFold_hypothetical_protein	AF-Q4R537-F1-model_v4 RNA-binding protein NOB1	0.300	20	13	131	150	292	311	7.792E+00	25
LOKIASV2_4273_ESMFold_hypothetical_protein	AF-Q3T042-F1-model_v4	LOKIASV2_4273_ESMFold_hypothetical_protein	AF-Q3T042-F1-model_v4 RNA-binding protein NOB1	0.300	20	13	131	150	293	312	7.792E+00	25
LOKIASV2_4273_ESMFold_hypothetical_protein	AF-A6V616-F1-model_v4	LOKIASV2_4273_ESMFold_hypothetical_protein	AF-A6V616-F1-model_v4 Glycogen synthase	0.111	18	15	132	149	99	116	5.657E+00	25
LOKIASV2_4273_ESMFold_hypothetical_protein	AF-Q9I1V0-F1-model_v4	LOKIASV2_4273_ESMFold_hypothetical_protein	AF-Q9I1V0-F1-model_v4 Glycogen synthase	0.111	18	15	132	149	99	116	6.031E+00	25
LOKIASV2_4273_ESMFold_hypothetical_protein	AF-A8YZN5-F1-model_v4	LOKIASV2_4273_ESMFold_hypothetical_protein	AF-A8YZN5-F1-model_v4 50S ribosomal protein L11	0.136	84	56	66	149	5	70	8.307E+00	24
LOKIASV2_4273_ESMFold_hypothetical_protein	AF-A7WYW0-F1-model_v4	LOKIASV2_4273_ESMFold_hypothetical_protein	AF-A7WYW0-F1-model_v4 50S ribosomal protein L11	0.136	84	56	66	149	5	70	8.856E+00	24
LOKIASV2_4273_ESMFold_hypothetical_protein	AF-A0LII0-F1-model_v4	LOKIASV2_4273_ESMFold_hypothetical_protein	AF-A0LII0-F1-model_v4 50S ribosomal protein L11	0.147	84	55	66	149	5	70	6.031E+00	24
LOKIASV2_4273_ESMFold_hypothetical_protein	AF-A5IQ91-F1-model_v4	LOKIASV2_4273_ESMFold_hypothetical_protein	AF-A5IQ91-F1-model_v4 50S ribosomal protein L11	0.136	84	56	66	149	5	70	8.856E+00	24
LOKIASV2_4273_ESMFold_hypothetical_protein	AF-A9VNB0-F1-model_v4	LOKIASV2_4273_ESMFold_hypothetical_protein	AF-A9VNB0-F1-model_v4 50S ribosomal protein L11	0.147	84	55	66	149	5	70	8.307E+00	24
LOKIASV2_4273_ESMFold_hypothetical_protein	AF-A5I7L8-F1-model_v4	LOKIASV2_4273_ESMFold_hypothetical_protein	AF-A5I7L8-F1-model_v4 50S ribosomal protein L11	0.147	84	55	66	149	5	70	7.308E+00	24
LOKIASV2_4273_ESMFold_hypothetical_protein	AF-Q8XHR4-F1-model_v4	LOKIASV2_4273_ESMFold_hypothetical_protein	AF-Q8XHR4-F1-model_v4 50S ribosomal protein L11	0.159	84	55	66	149	5	70	8.307E+00	24
LOKIASV2_4273_ESMFold_hypothetical_protein	AF-Q02WD2-F1-model_v4	LOKIASV2_4273_ESMFold_hypothetical_protein	AF-Q02WD2-F1-model_v4 50S ribosomal protein L11	0.147	84	55	66	149	5	70	8.307E+00	24
LOKIASV2_4273_ESMFold_hypothetical_protein	AF-A0PXT4-F1-model_v4	LOKIASV2_4273_ESMFold_hypothetical_protein	AF-A0PXT4-F1-model_v4 50S ribosomal protein L11	0.136	84	56	66	149	5	70	6.855E+00	24
LOKIASV2_4273_ESMFold_hypothetical_protein	AF-Q8RHI2-F1-model_v4	LOKIASV2_4273_ESMFold_hypothetical_protein	AF-Q8RHI2-F1-model_v4 50S ribosomal protein L11	0.125	84	57	66	149	5	70	8.307E+00	24
LOKIASV2_4273_ESMFold_hypothetical_protein	AF-B1KT95-F1-model_v4	LOKIASV2_4273_ESMFold_hypothetical_protein	AF-B1KT95-F1-model_v4 50S ribosomal protein L11	0.147	84	55	66	149	5	70	7.308E+00	24
LOKIASV2_4273_ESMFold_hypothetical_protein	AF-Q18CE5-F1-model_v4	LOKIASV2_4273_ESMFold_hypothetical_protein	AF-Q18CE5-F1-model_v4 50S ribosomal protein L11	0.147	84	55	66	149	5	70	7.792E+00	24
LOKIASV2_4273_ESMFold_hypothetical_protein	AF-O78412-F1-model_v4	LOKIASV2_4273_ESMFold_hypothetical_protein	AF-O78412-F1-model_v4 50S ribosomal protein L11, chloroplastic	0.134	84	56	66	149	5	70	8.307E+00	24
LOKIASV2_4273_ESMFold_hypothetical_protein	AF-B1IAH3-F1-model_v4	LOKIASV2_4273_ESMFold_hypothetical_protein	AF-B1IAH3-F1-model_v4 50S ribosomal protein L11	0.117	84	57	66	149	5	70	7.308E+00	24
LOKIASV2_4273_ESMFold_hypothetical_protein	AF-Q6HPS1-F1-model_v4	LOKIASV2_4273_ESMFold_hypothetical_protein	AF-Q6HPS1-F1-model_v4 50S ribosomal protein L11	0.147	84	55	66	149	5	70	8.307E+00	24
LOKIASV2_4273_ESMFold_hypothetical_protein	AF-Q9PPU9-F1-model_v4	LOKIASV2_4273_ESMFold_hypothetical_protein	AF-Q9PPU9-F1-model_v4 50S ribosomal protein L11	0.095	84	55	66	149	8	69	6.430E+00	24
LOKIASV2_4273_ESMFold_hypothetical_protein	AF-Q1RHI2-F1-model_v4	LOKIASV2_4273_ESMFold_hypothetical_protein	AF-Q1RHI2-F1-model_v4 DNA repair protein RecN	0.076	39	34	111	149	69	106	4.379E+00	24
LOKIASV2_4273_ESMFold_hypothetical_protein	AF-B5VPM5-F1-model_v4	LOKIASV2_4273_ESMFold_hypothetical_protein	AF-B5VPM5-F1-model_v4 ATPase synthesis protein 25, mitochondrial	0.144	157	110	22	150	77	233	2.454E-01	24
LOKIASV2_4273_ESMFold_hypothetical_protein	AF-P75550-F1-model_v4	LOKIASV2_4273_ESMFold_hypothetical_protein	AF-P75550-F1-model_v4 50S ribosomal protein L11	0.117	84	54	66	149	6	67	7.308E+00	23
LOKIASV2_4273_ESMFold_hypothetical_protein	AF-P36237-F1-model_v4	LOKIASV2_4273_ESMFold_hypothetical_protein	AF-P36237-F1-model_v4 50S ribosomal protein L11	0.125	84	57	66	149	5	70	8.856E+00	23
LOKIASV2_4273_ESMFold_hypothetical_protein	AF-A7GJ86-F1-model_v4	LOKIASV2_4273_ESMFold_hypothetical_protein	AF-A7GJ86-F1-model_v4 50S ribosomal protein L11	0.147	84	55	66	149	5	70	8.307E+00	23
LOKIASV2_4273_ESMFold_hypothetical_protein	AF-Q88YX0-F1-model_v4	LOKIASV2_4273_ESMFold_hypothetical_protein	AF-Q88YX0-F1-model_v4 50S ribosomal protein L11	0.147	84	55	66	149	5	70	9.442E+00	23
LOKIASV2_4273_ESMFold_hypothetical_protein	AF-Q9KGE6-F1-model_v4	LOKIASV2_4273_ESMFold_hypothetical_protein	AF-Q9KGE6-F1-model_v4 50S ribosomal protein L11-1	0.147	84	55	66	149	5	70	9.442E+00	23
LOKIASV2_4273_ESMFold_hypothetical_protein	AF-B5YEY0-F1-model_v4	LOKIASV2_4273_ESMFold_hypothetical_protein	AF-B5YEY0-F1-model_v4 50S ribosomal protein L11	0.125	84	57	66	149	5	70	7.308E+00	23
LOKIASV2_4273_ESMFold_hypothetical_protein	AF-C7GL28-F1-model_v4	LOKIASV2_4273_ESMFold_hypothetical_protein	AF-C7GL28-F1-model_v4 ATPase synthesis protein 25, mitochondrial	0.150	154	108	23	150	80	233	2.789E-01	23
LOKIASV2_4273_ESMFold_hypothetical_protein	AF-A8ZUU5-F1-model_v4	LOKIASV2_4273_ESMFold_hypothetical_protein	AF-A8ZUU5-F1-model_v4 50S ribosomal protein L11	0.147	84	55	66	149	5	70	9.442E+00	22
LOKIASV2_4273_ESMFold_hypothetical_protein	AF-B1I1L2-F1-model_v4	LOKIASV2_4273_ESMFold_hypothetical_protein	AF-B1I1L2-F1-model_v4 50S ribosomal protein L11	0.147	84	55	66	149	5	70	9.442E+00	22
LOKIASV2_4273_ESMFold_hypothetical_protein	AF-A4FDY3-F1-model_v4	LOKIASV2_4273_ESMFold_hypothetical_protein	AF-A4FDY3-F1-model_v4 Inositol 2-dehydrogenase 1	0.160	25	18	127	149	202	226	7.308E+00	22
LOKIASV2_4273_ESMFold_hypothetical_protein	AF-A7RFT2-F1-model_v4	LOKIASV2_4273_ESMFold_hypothetical_protein	AF-A7RFT2-F1-model_v4 Cell division cycle protein 123 homolog	0.112	81	61	69	149	176	245	7.792E+00	20
LOKIASV2_4273_ESMFold_hypothetical_protein	AF-Q92J40-F1-model_v4	LOKIASV2_4273_ESMFold_hypothetical_protein	AF-Q92J40-F1-model_v4 DNA repair protein RecN	0.131	38	31	112	149	69	105	9.442E+00	20
LOKIASV2_4273_ESMFold_hypothetical_protein	AF-Q4UKJ1-F1-model_v4	LOKIASV2_4273_ESMFold_hypothetical_protein	AF-Q4UKJ1-F1-model_v4 DNA repair protein RecN	0.131	38	31	112	149	69	105	8.856E+00	20
LOKIASV2_4273_ESMFold_hypothetical_protein	AF-B3R0R7-F1-model_v4	LOKIASV2_4273_ESMFold_hypothetical_protein	AF-B3R0R7-F1-model_v4 ATP-dependent zinc metalloprotease FtsH 3	0.121	82	52	91	150	12	93	2.623E+00	20
LOKIASV2_4273_ESMFold_hypothetical_protein	AF-Q9D8I3-F1-model_v4	LOKIASV2_4273_ESMFold_hypothetical_protein	AF-Q9D8I3-F1-model_v4 Glyoxalase domain-containing protein 5	0.169	53	32	109	148	90	142	4.977E+00	19
LOKIASV2_4273_ESMFold_hypothetical_protein	AF-B1LCA5-F1-model_v4	LOKIASV2_4273_ESMFold_hypothetical_protein	AF-B1LCA5-F1-model_v4 Phosphoribosylaminoimidazole-succinocarboxamide synthase	0.166	60	31	89	148	147	184	5.306E+00	19
LOKIASV2_4273_ESMFold_hypothetical_protein	AF-Q5JFN5-F1-model_v4	LOKIASV2_4273_ESMFold_hypothetical_protein	AF-Q5JFN5-F1-model_v4 Phosphoribosylaminoimidazole-succinocarboxamide synthase	0.131	61	33	88	148	147	185	4.668E+00	19
LOKIASV2_4273_ESMFold_hypothetical_protein	AF-Q7VMY2-F1-model_v4	LOKIASV2_4273_ESMFold_hypothetical_protein	AF-Q7VMY2-F1-model_v4 D-alanine--D-alanine ligase	0.135	35	29	116	149	233	267	9.442E+00	19
LOKIASV2_4273_ESMFold_hypothetical_protein	AF-Q75JF9-F1-model_v4	LOKIASV2_4273_ESMFold_hypothetical_protein	AF-Q75JF9-F1-model_v4 Cell division cycle protein 123 homolog	0.056	81	65	69	149	215	284	7.792E+00	19
LOKIASV2_4273_ESMFold_hypothetical_protein	AF-Q64332-F1-model_v4	LOKIASV2_4273_ESMFold_hypothetical_protein	AF-Q64332-F1-model_v4 Synapsin-2	0.114	35	27	118	149	353	387	9.442E+00	19
LOKIASV2_4273_ESMFold_hypothetical_protein	AF-Q1G3B8-F1-model_v4	LOKIASV2_4273_ESMFold_hypothetical_protein	AF-Q1G3B8-F1-model_v4 B3 domain-containing protein At2g32645	0.109	103	70	71	150	28	130	4.668E+00	18
LOKIASV2_4273_ESMFold_hypothetical_protein	AF-C1CYX1-F1-model_v4	LOKIASV2_4273_ESMFold_hypothetical_protein	AF-C1CYX1-F1-model_v4 Phosphoribosylaminoimidazole-succinocarboxamide synthase	0.103	58	35	91	148	152	191	6.031E+00	18
LOKIASV2_4273_ESMFold_hypothetical_protein	AF-Q9XIP5-F1-model_v4	LOKIASV2_4273_ESMFold_hypothetical_protein	AF-Q9XIP5-F1-model_v4 Putative B3 domain-containing protein At2g27410	0.116	102	70	71	150	105	206	3.852E+00	18
LOKIASV2_4273_ESMFold_hypothetical_protein	AF-A8M3D4-F1-model_v4	LOKIASV2_4273_ESMFold_hypothetical_protein	AF-A8M3D4-F1-model_v4 Phosphoribosylaminoimidazole-succinocarboxamide synthase	0.111	18	15	131	148	186	203	9.442E+00	18
LOKIASV2_4273_ESMFold_hypothetical_protein	AF-A4XB58-F1-model_v4	LOKIASV2_4273_ESMFold_hypothetical_protein	AF-A4XB58-F1-model_v4 Phosphoribosylaminoimidazole-succinocarboxamide synthase	0.111	18	15	131	148	186	203	9.442E+00	18
LOKIASV2_4273_ESMFold_hypothetical_protein	AF-A6GYJ4-F1-model_v4	LOKIASV2_4273_ESMFold_hypothetical_protein	AF-A6GYJ4-F1-model_v4 Phosphoribosylaminoimidazole-succinocarboxamide synthase	0.120	58	34	91	148	175	214	6.031E+00	18
LOKIASV2_4273_ESMFold_hypothetical_protein	AF-Q9SIC7-F1-model_v4	LOKIASV2_4273_ESMFold_hypothetical_protein	AF-Q9SIC7-F1-model_v4 B3 domain-containing protein At2g31420	0.181	33	23	122	150	163	195	8.856E+00	17
LOKIASV2_4273_ESMFold_hypothetical_protein	AF-C6A0I8-F1-model_v4	LOKIASV2_4273_ESMFold_hypothetical_protein	AF-C6A0I8-F1-model_v4 Phosphoribosylaminoimidazole-succinocarboxamide synthase	0.100	60	33	89	148	152	189	6.430E+00	17
LOKIASV2_4273_ESMFold_hypothetical_protein	AF-B2TN72-F1-model_v4	LOKIASV2_4273_ESMFold_hypothetical_protein	AF-B2TN72-F1-model_v4 Phosphoribosylaminoimidazole-succinocarboxamide synthase	0.161	62	31	89	150	154	191	4.107E+00	17
LOKIASV2_4273_ESMFold_hypothetical_protein	AF-B2V3B9-F1-model_v4	LOKIASV2_4273_ESMFold_hypothetical_protein	AF-B2V3B9-F1-model_v4 Phosphoribosylaminoimidazole-succinocarboxamide synthase	0.161	62	31	89	150	154	191	3.852E+00	17
LOKIASV2_4273_ESMFold_hypothetical_protein	AF-Q6HPA7-F1-model_v4	LOKIASV2_4273_ESMFold_hypothetical_protein	AF-Q6HPA7-F1-model_v4 Phosphoribosylaminoimidazole-succinocarboxamide synthase	0.066	60	35	89	148	154	191	6.430E+00	17
LOKIASV2_4273_ESMFold_hypothetical_protein	AF-Q03E76-F1-model_v4	LOKIASV2_4273_ESMFold_hypothetical_protein	AF-Q03E76-F1-model_v4 Phosphoribosylaminoimidazole-succinocarboxamide synthase	0.126	63	33	88	150	153	191	6.430E+00	17
LOKIASV2_4273_ESMFold_hypothetical_protein	AF-A5GN71-F1-model_v4	LOKIASV2_4273_ESMFold_hypothetical_protein	AF-A5GN71-F1-model_v4 Phosphoribosylaminoimidazole-succinocarboxamide synthase	0.067	59	34	89	147	156	192	6.855E+00	17
LOKIASV2_4273_ESMFold_hypothetical_protein	AF-B0US69-F1-model_v4	LOKIASV2_4273_ESMFold_hypothetical_protein	AF-B0US69-F1-model_v4 D-alanine--D-alanine ligase	0.116	41	31	114	149	232	272	9.442E+00	17
LOKIASV2_4273_ESMFold_hypothetical_protein	AF-Q71WG8-F1-model_v4	LOKIASV2_4273_ESMFold_hypothetical_protein	AF-Q71WG8-F1-model_v4 Translation initiation factor IF-1	0.150	40	29	111	150	34	68	7.308E+00	16
LOKIASV2_4273_ESMFold_hypothetical_protein	AF-Q0AWF4-F1-model_v4	LOKIASV2_4273_ESMFold_hypothetical_protein	AF-Q0AWF4-F1-model_v4 Probable GTP-binding protein EngB	0.102	84	66	66	149	5	78	6.855E+00	16
LOKIASV2_4273_ESMFold_hypothetical_protein	AF-A7X0V7-F1-model_v4	LOKIASV2_4273_ESMFold_hypothetical_protein	AF-A7X0V7-F1-model_v4 Phosphoribosylaminoimidazole-succinocarboxamide synthase	0.145	62	32	89	150	151	188	5.657E+00	16
LOKIASV2_4273_ESMFold_hypothetical_protein	AF-B5Y714-F1-model_v4	LOKIASV2_4273_ESMFold_hypothetical_protein	AF-B5Y714-F1-model_v4 Phosphoribosylaminoimidazole-succinocarboxamide synthase	0.112	62	33	89	150	154	191	5.657E+00	16
LOKIASV2_4273_ESMFold_hypothetical_protein	AF-Q63GT6-F1-model_v4	LOKIASV2_4273_ESMFold_hypothetical_protein	AF-Q63GT6-F1-model_v4 Phosphoribosylaminoimidazole-succinocarboxamide synthase	0.066	60	35	89	148	154	191	8.856E+00	16
LOKIASV2_4273_ESMFold_hypothetical_protein	AF-A1KVL1-F1-model_v4	LOKIASV2_4273_ESMFold_hypothetical_protein	AF-A1KVL1-F1-model_v4 D-alanine--D-alanine ligase	0.125	79	61	71	149	196	266	6.031E+00	16
LOKIASV2_4273_ESMFold_hypothetical_protein	AF-Q07463-F1-model_v4	LOKIASV2_4273_ESMFold_hypothetical_protein	AF-Q07463-F1-model_v4 Phosphoribosylaminoimidazole-succinocarboxamide synthase, chloroplastic	0.105	57	33	91	147	244	281	7.792E+00	16
LOKIASV2_4273_ESMFold_hypothetical_protein	AF-Q8EUS8-F1-model_v4	LOKIASV2_4273_ESMFold_hypothetical_protein	AF-Q8EUS8-F1-model_v4 Lysine--tRNA ligase	0.102	37	32	113	149	89	125	4.668E+00	16
LOKIASV2_4273_ESMFold_hypothetical_protein	AF-Q8JZP2-F1-model_v4	LOKIASV2_4273_ESMFold_hypothetical_protein	AF-Q8JZP2-F1-model_v4 Synapsin-3	0.222	34	25	118	150	330	363	7.308E+00	16
LOKIASV2_4273_ESMFold_hypothetical_protein	AF-A9N8H5-F1-model_v4	LOKIASV2_4273_ESMFold_hypothetical_protein	AF-A9N8H5-F1-model_v4 Protein GrpE	0.116	172	132	1	150	32	203	7.792E+00	15
LOKIASV2_4273_ESMFold_hypothetical_protein	AF-A5IRV3-F1-model_v4	LOKIASV2_4273_ESMFold_hypothetical_protein	AF-A5IRV3-F1-model_v4 Phosphoribosylaminoimidazole-succinocarboxamide synthase	0.145	62	32	89	150	151	188	6.031E+00	15
LOKIASV2_4273_ESMFold_hypothetical_protein	AF-P99064-F1-model_v4	LOKIASV2_4273_ESMFold_hypothetical_protein	AF-P99064-F1-model_v4 Phosphoribosylaminoimidazole-succinocarboxamide synthase	0.145	62	32	89	150	151	188	6.031E+00	15
LOKIASV2_4273_ESMFold_hypothetical_protein	AF-A9B302-F1-model_v4	LOKIASV2_4273_ESMFold_hypothetical_protein	AF-A9B302-F1-model_v4 Phosphoribosylaminoimidazole-succinocarboxamide synthase	0.079	61	37	89	149	156	196	9.442E+00	15
LOKIASV2_4273_ESMFold_hypothetical_protein	AF-Q7U8Q9-F1-model_v4	LOKIASV2_4273_ESMFold_hypothetical_protein	AF-Q7U8Q9-F1-model_v4 Phosphoribosylaminoimidazole-succinocarboxamide synthase	0.096	62	33	89	150	156	193	7.308E+00	15
LOKIASV2_4273_ESMFold_hypothetical_protein	AF-A2Z1W9-F1-model_v4	LOKIASV2_4273_ESMFold_hypothetical_protein	AF-A2Z1W9-F1-model_v4 1-aminocyclopropane-1-carboxylate oxidase 1	0.127	117	100	23	138	50	166	4.668E+00	15
LOKIASV2_4273_ESMFold_hypothetical_protein	AF-O70441-F1-model_v4	LOKIASV2_4273_ESMFold_hypothetical_protein	AF-O70441-F1-model_v4 Synapsin-3	0.194	34	26	118	150	330	363	8.856E+00	15
LOKIASV2_4273_ESMFold_hypothetical_protein	AF-A9VRE8-F1-model_v4	LOKIASV2_4273_ESMFold_hypothetical_protein	AF-A9VRE8-F1-model_v4 Phosphoribosylaminoimidazole-succinocarboxamide synthase	0.112	62	33	89	150	154	191	9.442E+00	14
LOKIASV2_4273_ESMFold_hypothetical_protein	AF-A1ULY1-F1-model_v4	LOKIASV2_4273_ESMFold_hypothetical_protein	AF-A1ULY1-F1-model_v4 Phosphoribosylaminoimidazole-succinocarboxamide synthase	0.109	62	38	89	150	169	212	8.856E+00	14
LOKIASV2_4273_ESMFold_hypothetical_protein	AF-Q1B370-F1-model_v4	LOKIASV2_4273_ESMFold_hypothetical_protein	AF-Q1B370-F1-model_v4 Phosphoribosylaminoimidazole-succinocarboxamide synthase	0.109	62	38	89	150	169	212	8.856E+00	14
LOKIASV2_4273_ESMFold_hypothetical_protein	AF-Q5F6M0-F1-model_v4	LOKIASV2_4273_ESMFold_hypothetical_protein	AF-Q5F6M0-F1-model_v4 D-alanine--D-alanine ligase	0.125	79	61	71	149	196	266	8.856E+00	14
LOKIASV2_4273_ESMFold_hypothetical_protein	AF-A0KMI7-F1-model_v4	LOKIASV2_4273_ESMFold_hypothetical_protein	AF-A0KMI7-F1-model_v4 Protein GrpE	0.116	178	131	1	149	9	186	8.307E+00	13
LOKIASV2_4273_ESMFold_hypothetical_protein	AF-A4QAF9-F1-model_v4	LOKIASV2_4273_ESMFold_hypothetical_protein	AF-A4QAF9-F1-model_v4 Inositol 2-dehydrogenase	0.062	127	61	84	149	101	227	9.442E+00	10
