query	target	qheader	theader	fident	alnlen	mismatch	qstart	qend	tstart	tend	evalue	bits
LOKIASV2_4297_ESMFold_hypothetical_protein	3ajx-assembly1.cif.gz_B	LOKIASV2_4297_ESMFold_hypothetical_protein	3ajx-assembly1.cif.gz_B Crystal Structure of 3-Hexulose-6-Phosphate Synthase	0.267	212	150	10	221	2	206	2.998E-17	635
LOKIASV2_4297_ESMFold_hypothetical_protein	1xbz-assembly1.cif.gz_B	LOKIASV2_4297_ESMFold_hypothetical_protein	1xbz-assembly1.cif.gz_B Crystal structure of 3-keto-L-gulonate 6-phosphate decarboxylase E112D/R139V/T169A mutant with bound L-xylulose 5-phosphate	0.236	218	162	6	223	1	213	3.458E-16	589
LOKIASV2_4297_ESMFold_hypothetical_protein	1xby-assembly1.cif.gz_A	LOKIASV2_4297_ESMFold_hypothetical_protein	1xby-assembly1.cif.gz_A Structure of 3-keto-L-gulonate 6-phosphate decarboxylase E112D/T169A mutant with bound D-ribulose 5-phosphate	0.239	215	159	9	223	2	211	5.450E-16	586
LOKIASV2_4297_ESMFold_hypothetical_protein	1xbz-assembly1.cif.gz_A	LOKIASV2_4297_ESMFold_hypothetical_protein	1xbz-assembly1.cif.gz_A Crystal structure of 3-keto-L-gulonate 6-phosphate decarboxylase E112D/R139V/T169A mutant with bound L-xylulose 5-phosphate	0.245	215	156	9	223	2	208	3.458E-16	585
LOKIASV2_4297_ESMFold_hypothetical_protein	3f4w-assembly1.cif.gz_B	LOKIASV2_4297_ESMFold_hypothetical_protein	3f4w-assembly1.cif.gz_B The 1.65A Crystal Structure of 3-hexulose-6-phosphate synthase from Salmonella typhimurium	0.300	215	146	10	224	2	210	4.101E-16	585
LOKIASV2_4297_ESMFold_hypothetical_protein	1q6q-assembly1.cif.gz_A	LOKIASV2_4297_ESMFold_hypothetical_protein	1q6q-assembly1.cif.gz_A Structure of 3-keto-L-gulonate 6-phosphate decarboxylase with bound xylitol 5-phosphate	0.229	217	162	7	223	1	211	3.001E-15	561
LOKIASV2_4297_ESMFold_hypothetical_protein	1so4-assembly1.cif.gz_B	LOKIASV2_4297_ESMFold_hypothetical_protein	1so4-assembly1.cif.gz_B Crystal structure of K64A mutant of 3-keto-L-gulonate 6-phosphate decarboxylase with bound L-threonohydroxamate 4-phosphate	0.227	217	163	7	223	1	212	4.222E-15	552
LOKIASV2_4297_ESMFold_hypothetical_protein	1kv8-assembly1.cif.gz_B	LOKIASV2_4297_ESMFold_hypothetical_protein	1kv8-assembly1.cif.gz_B Crystal Structure of 3-Keto-L-Gulonate 6-Phosphate Decarboxylase	0.231	217	162	7	223	1	212	5.300E-15	548
LOKIASV2_4297_ESMFold_hypothetical_protein	1so6-assembly1.cif.gz_A	LOKIASV2_4297_ESMFold_hypothetical_protein	1so6-assembly1.cif.gz_A Crystal structure of E112Q/H136A double mutant of 3-keto-L-gulonate 6-phosphate decarboxylase with bound L-threonohydroxamate 4-phosphate	0.225	220	166	7	226	1	215	8.353E-15	548
LOKIASV2_4297_ESMFold_hypothetical_protein	1so5-assembly1.cif.gz_B	LOKIASV2_4297_ESMFold_hypothetical_protein	1so5-assembly1.cif.gz_B Crystal structure of E112Q mutant of 3-keto-L-gulonate 6-phosphate decarboxylase with bound L-threonohydroxamate 4-phosphate	0.232	217	162	7	223	1	212	3.988E-15	543
LOKIASV2_4297_ESMFold_hypothetical_protein	1so3-assembly1.cif.gz_B	LOKIASV2_4297_ESMFold_hypothetical_protein	1so3-assembly1.cif.gz_B Crystal structure of H136A mutant of 3-keto-L-gulonate 6-phosphate decarboxylase with bound L-threonohydroxamate 4-phosphate	0.222	218	165	7	224	1	213	1.110E-14	542
LOKIASV2_4297_ESMFold_hypothetical_protein	3exs-assembly2.cif.gz_D	LOKIASV2_4297_ESMFold_hypothetical_protein	3exs-assembly2.cif.gz_D Crystal structure of KGPDC from Streptococcus mutans in complex with D-R5P	0.219	218	168	9	226	3	218	8.353E-15	528
LOKIASV2_4297_ESMFold_hypothetical_protein	3ext-assembly1.cif.gz_A-2	LOKIASV2_4297_ESMFold_hypothetical_protein	3ext-assembly1.cif.gz_A-2 Crystal structure of KGPDC from Streptococcus mutans	0.213	220	165	7	226	1	211	6.849E-14	490
LOKIASV2_4297_ESMFold_hypothetical_protein	3exr-assembly2.cif.gz_B	LOKIASV2_4297_ESMFold_hypothetical_protein	3exr-assembly2.cif.gz_B Crystal structure of KGPDC from Streptococcus mutans	0.206	220	168	7	226	1	212	7.674E-14	489
LOKIASV2_4297_ESMFold_hypothetical_protein	3jr2-assembly2.cif.gz_C	LOKIASV2_4297_ESMFold_hypothetical_protein	3jr2-assembly2.cif.gz_C X-ray crystal structure of the Mg-bound 3-keto-L-gulonate-6-phosphate decarboxylase from Vibrio cholerae O1 biovar El Tor str. N16961	0.264	217	155	7	223	1	211	1.852E-14	486
LOKIASV2_4297_ESMFold_hypothetical_protein	3exs-assembly1.cif.gz_C	LOKIASV2_4297_ESMFold_hypothetical_protein	3exs-assembly1.cif.gz_C Crystal structure of KGPDC from Streptococcus mutans in complex with D-R5P	0.211	218	163	9	226	2	208	4.226E-13	467
LOKIASV2_4297_ESMFold_hypothetical_protein	2cz5-assembly1.cif.gz_B	LOKIASV2_4297_ESMFold_hypothetical_protein	2cz5-assembly1.cif.gz_B Crystal structure of orotidine 5'-phosphate decarboxylase from Pyrococcus horikoshii OT3	0.290	213	146	10	222	1	206	5.018E-11	348
LOKIASV2_4297_ESMFold_hypothetical_protein	1dvj-assembly2.cif.gz_C	LOKIASV2_4297_ESMFold_hypothetical_protein	1dvj-assembly2.cif.gz_C CRYSTAL STRUCTURE OF OROTIDINE MONOPHOSPHATE DECARBOXYLASE COMPLEXED WITH 6-AZAUMP	0.216	215	165	11	225	7	218	2.396E-11	348
LOKIASV2_4297_ESMFold_hypothetical_protein	3lhz-assembly1.cif.gz_B	LOKIASV2_4297_ESMFold_hypothetical_protein	3lhz-assembly1.cif.gz_B Crystal structure of the mutant V201A of orotidine 5'-monophosphate decarboxylase from Methanobacterium thermoautotrophicum complexed with inhibitor BMP	0.211	215	164	11	225	7	215	3.370E-11	343
LOKIASV2_4297_ESMFold_hypothetical_protein	4fx8-assembly1.cif.gz_A	LOKIASV2_4297_ESMFold_hypothetical_protein	4fx8-assembly1.cif.gz_A Crystal structure of the mutant Q185A.R203A of orotidine 5'-monophosphate decarboxylase from Methanobacterium thermoautotrophicum complexed with inhibitor BMP	0.217	214	161	11	224	7	212	3.776E-11	342
LOKIASV2_4297_ESMFold_hypothetical_protein	4luj-assembly1.cif.gz_B	LOKIASV2_4297_ESMFold_hypothetical_protein	4luj-assembly1.cif.gz_B Crystal structure of Orotidine 5'-monophosphate decarboxylase from methanocaldococcus jannaschii complexed with inhibitor BMP	0.234	216	162	7	222	1	213	8.861E-11	341
LOKIASV2_4297_ESMFold_hypothetical_protein	3rlu-assembly1.cif.gz_B	LOKIASV2_4297_ESMFold_hypothetical_protein	3rlu-assembly1.cif.gz_B Crystal structure of the mutant K82A of orotidine 5'-monophosphate decarboxylase from Methanobacterium thermoautotrophicum complexed with the inhibitor BMP	0.225	215	161	11	225	7	215	1.436E-11	341
LOKIASV2_4297_ESMFold_hypothetical_protein	3qmt-assembly1.cif.gz_B	LOKIASV2_4297_ESMFold_hypothetical_protein	3qmt-assembly1.cif.gz_B Crystal structure of the mutant V182A,Y206F of orotidine 5'-monophosphate decarboxylase from Methanobacterium thermoautotrophicum complexed with the inhibitor BMP	0.220	215	162	11	225	7	215	2.263E-11	340
LOKIASV2_4297_ESMFold_hypothetical_protein	3qf0-assembly1.cif.gz_B	LOKIASV2_4297_ESMFold_hypothetical_protein	3qf0-assembly1.cif.gz_B Crystal structure of the mutant T159V,Y206F of orotidine 5'-monophosphate decarboxylase from Methanobacterium thermoautotrophicum complexed with the inhibitor BMP	0.215	215	163	11	225	7	215	2.263E-11	339
LOKIASV2_4297_ESMFold_hypothetical_protein	3p5z-assembly1.cif.gz_B	LOKIASV2_4297_ESMFold_hypothetical_protein	3p5z-assembly1.cif.gz_B Crystal structure of the mutant T159S of orotidine 5'-monophosphate decarboxylase from Methanobacterium thermoautotrophicum complexed with inhibitor BMP	0.227	218	163	8	225	6	217	5.622E-11	338
LOKIASV2_4297_ESMFold_hypothetical_protein	3sy5-assembly1.cif.gz_B	LOKIASV2_4297_ESMFold_hypothetical_protein	3sy5-assembly1.cif.gz_B Crystal structure of the mutant S127A of orotidine 5'-monophosphate decarboxylase from Methanobacterium thermoautotrophicum complexed with the inhibitor 6azaUMP	0.225	215	161	11	225	8	216	1.703E-11	337
LOKIASV2_4297_ESMFold_hypothetical_protein	2zz4-assembly1.cif.gz_B	LOKIASV2_4297_ESMFold_hypothetical_protein	2zz4-assembly1.cif.gz_B Covalent complex of orotidine monophosphate decarboxylase D75N mutant from M. thermoautotrophicum with 6-cyano-UMP	0.218	215	163	11	225	5	213	5.018E-11	336
LOKIASV2_4297_ESMFold_hypothetical_protein	3rlv-assembly1.cif.gz_B	LOKIASV2_4297_ESMFold_hypothetical_protein	3rlv-assembly1.cif.gz_B Crystal structure of the mutant Y206F of orotidine 5'-monophosphate decarboxylase from Methanobacterium thermoautotrophicum complexed with the inhibitor BMP	0.225	215	161	11	225	7	215	5.311E-11	336
LOKIASV2_4297_ESMFold_hypothetical_protein	3tfx-assembly1.cif.gz_B	LOKIASV2_4297_ESMFold_hypothetical_protein	3tfx-assembly1.cif.gz_B Crystal structure of Orotidine 5'-phosphate decarboxylase from Lactobacillus acidophilus	0.208	223	170	7	222	1	223	3.776E-11	336
LOKIASV2_4297_ESMFold_hypothetical_protein	1km6-assembly1.cif.gz_A	LOKIASV2_4297_ESMFold_hypothetical_protein	1km6-assembly1.cif.gz_A Crystal structure of ODCase mutant D70AK72A complexed with OMP	0.218	210	161	11	220	2	208	2.925E-10	333
LOKIASV2_4297_ESMFold_hypothetical_protein	3lhu-assembly1.cif.gz_B	LOKIASV2_4297_ESMFold_hypothetical_protein	3lhu-assembly1.cif.gz_B Crystal structure of the mutant I199F of orotidine 5'-monophosphate decarboxylase from Methanobacterium thermoautotrophicum complexed with inhibitor BMP	0.222	215	162	11	225	7	215	8.861E-11	333
LOKIASV2_4297_ESMFold_hypothetical_protein	3lhw-assembly1.cif.gz_B	LOKIASV2_4297_ESMFold_hypothetical_protein	3lhw-assembly1.cif.gz_B Crystal structure of the mutant V182A of orotidine 5'-monophosphate decarboxylase from Methanobacterium thermoautotrophicum complexed with inhibitor BMP	0.226	215	161	11	225	7	215	2.536E-11	333
LOKIASV2_4297_ESMFold_hypothetical_protein	3pbv-assembly1.cif.gz_B	LOKIASV2_4297_ESMFold_hypothetical_protein	3pbv-assembly1.cif.gz_B Crystal structure of the mutant I96T of orotidine 5'-monophosphate decarboxylase from Methanobacterium thermoautotrophicum complexed with 6-azauridine 5'-monophosphate	0.221	215	162	11	225	7	215	2.536E-11	333
LOKIASV2_4297_ESMFold_hypothetical_protein	3lhy-assembly1.cif.gz_B	LOKIASV2_4297_ESMFold_hypothetical_protein	3lhy-assembly1.cif.gz_B Crystal structure of the mutant I199A of orotidine 5'-monophosphate decarboxylase from Methanobacterium thermoautotrophicum complexed with inhibitor BMP	0.216	215	163	11	225	7	215	1.178E-10	332
LOKIASV2_4297_ESMFold_hypothetical_protein	3lld-assembly1.cif.gz_B	LOKIASV2_4297_ESMFold_hypothetical_protein	3lld-assembly1.cif.gz_B Crystal structure of the mutant S127G of orotidine 5'-monophosphate decarboxylase from Methanobacterium thermoautotrophicum complexed with 6-azauridine 5'-monophosphate	0.220	215	162	11	225	7	215	4.740E-11	332
LOKIASV2_4297_ESMFold_hypothetical_protein	3pby-assembly1.cif.gz_B	LOKIASV2_4297_ESMFold_hypothetical_protein	3pby-assembly1.cif.gz_B Crystal structure of the mutant L123S of orotidine 5'-monophosphate decarboxylase from Methanobacterium thermoautotrophicum complexed with 6-azauridine 5'-monophosphate	0.225	215	161	11	225	7	215	3.567E-11	331
LOKIASV2_4297_ESMFold_hypothetical_protein	3p60-assembly1.cif.gz_B	LOKIASV2_4297_ESMFold_hypothetical_protein	3p60-assembly1.cif.gz_B Crystal structure of the mutant T159V of orotidine 5'-monophosphate decarboxylase from Methanobacterium thermoautotrophicum complexed with inhibitor BMP	0.223	215	162	11	225	7	215	9.928E-11	330
LOKIASV2_4297_ESMFold_hypothetical_protein	3nqe-assembly1.cif.gz_A	LOKIASV2_4297_ESMFold_hypothetical_protein	3nqe-assembly1.cif.gz_A Crystal structure of the mutant L123N of orotidine 5'-monophosphate decarboxylase from Methanobacterium thermoautotrophicum complexed with inhibitor BMP	0.225	215	161	11	225	8	216	7.908E-11	330
LOKIASV2_4297_ESMFold_hypothetical_protein	3lhv-assembly1.cif.gz_A	LOKIASV2_4297_ESMFold_hypothetical_protein	3lhv-assembly1.cif.gz_A Crystal structure of the mutant V182A.I199A.V201A of orotidine 5'-monophosphate decarboxylase from Methanobacterium thermoautotrophicum complexed with inhibitor BMP	0.222	215	162	11	225	8	216	7.908E-11	329
LOKIASV2_4297_ESMFold_hypothetical_protein	3lht-assembly1.cif.gz_B	LOKIASV2_4297_ESMFold_hypothetical_protein	3lht-assembly1.cif.gz_B Crystal structure of the mutant V201F of orotidine 5'-monophosphate decarboxylase from Methanobacterium thermoautotrophicum complexed with inhibitor BMP	0.221	215	162	11	225	7	215	9.928E-11	328
LOKIASV2_4297_ESMFold_hypothetical_protein	3qez-assembly1.cif.gz_B	LOKIASV2_4297_ESMFold_hypothetical_protein	3qez-assembly1.cif.gz_B Crystal structure of the mutant T159V,V182A of orotidine 5'-monophosphate decarboxylase from Methanobacterium thermoautotrophicum complexed with the inhibitor BMP	0.231	215	160	11	225	7	215	8.371E-11	328
LOKIASV2_4297_ESMFold_hypothetical_protein	4n2y-assembly3.cif.gz_A	LOKIASV2_4297_ESMFold_hypothetical_protein	4n2y-assembly3.cif.gz_A Crystal structure of orotidine 5'-monophosphate decarboxylase from Archaeoglobus fulgidus	0.217	220	163	7	226	1	209	8.861E-11	327
LOKIASV2_4297_ESMFold_hypothetical_protein	4lc8-assembly1.cif.gz_B	LOKIASV2_4297_ESMFold_hypothetical_protein	4lc8-assembly1.cif.gz_B Crystal structure of the mutant H128N of orotidine 5'-monophosphate decarboxylase from Methanobacterium thermoautotrophicum complexed with the inhibitor BMP	0.230	215	160	11	225	7	215	1.051E-10	327
LOKIASV2_4297_ESMFold_hypothetical_protein	3qms-assembly1.cif.gz_B	LOKIASV2_4297_ESMFold_hypothetical_protein	3qms-assembly1.cif.gz_B Crystal structure of the mutant T159V,V182A,Y206F of orotidine 5'-monophosphate decarboxylase from Methanobacterium thermoautotrophicum complexed with the inhibitor BMP	0.226	215	161	11	225	7	215	5.018E-11	327
LOKIASV2_4297_ESMFold_hypothetical_protein	3nqc-assembly1.cif.gz_A	LOKIASV2_4297_ESMFold_hypothetical_protein	3nqc-assembly1.cif.gz_A Crystal structure of the mutant I96S of orotidine 5'-monophosphate decarboxylase from Methanobacterium thermoautotrophicum complexed with inhibitor BMP	0.219	218	165	8	225	5	216	1.478E-10	327
LOKIASV2_4297_ESMFold_hypothetical_protein	3g1s-assembly1.cif.gz_B	LOKIASV2_4297_ESMFold_hypothetical_protein	3g1s-assembly1.cif.gz_B Crystal structure of the mutant D70G of orotidine 5'-monophosphate decarboxylase from Methanobacterium thermoautotrophicum	0.200	210	158	11	220	11	208	2.330E-10	326
LOKIASV2_4297_ESMFold_hypothetical_protein	3lty-assembly1.cif.gz_B	LOKIASV2_4297_ESMFold_hypothetical_protein	3lty-assembly1.cif.gz_B Crystal structure of the mutant V182A,I218A of orotidine 5'-monophosphate decarboxylase from Methanobacterium thermoautotrophicum complexed with inhibitor BMP	0.217	216	164	8	223	3	212	1.856E-10	326
LOKIASV2_4297_ESMFold_hypothetical_protein	4lc6-assembly1.cif.gz_B	LOKIASV2_4297_ESMFold_hypothetical_protein	4lc6-assembly1.cif.gz_B Crystal structure of the mutant H128Q of orotidine 5'-monophosphate decarboxylase from Methanobacterium thermoautotrophicum complexed with the inhibitor BMP	0.222	215	162	11	225	7	215	1.397E-10	325
LOKIASV2_4297_ESMFold_hypothetical_protein	3nq7-assembly1.cif.gz_B	LOKIASV2_4297_ESMFold_hypothetical_protein	3nq7-assembly1.cif.gz_B Crystal structure of the mutant F71A of orotidine 5'-monophosphate decarboxylase from Methanobacterium thermoautotrophicum complexed with inhibitor BMP	0.225	215	161	11	225	7	215	1.319E-10	325
LOKIASV2_4297_ESMFold_hypothetical_protein	3p61-assembly1.cif.gz_B	LOKIASV2_4297_ESMFold_hypothetical_protein	3p61-assembly1.cif.gz_B Crystal structure of the mutant R160A of orotidine 5'-monophosphate decarboxylase from Methanobacterium thermoautotrophicum complexed with inhibitor BMP	0.220	215	162	11	225	7	215	1.397E-10	325
LOKIASV2_4297_ESMFold_hypothetical_protein	1klz-assembly1.cif.gz_A	LOKIASV2_4297_ESMFold_hypothetical_protein	1klz-assembly1.cif.gz_A Crystal structure of orotidine monophosphate decarboxylase mutant D70A complexed with UMP	0.223	210	160	11	220	2	208	6.484E-10	324
LOKIASV2_4297_ESMFold_hypothetical_protein	3li1-assembly1.cif.gz_B	LOKIASV2_4297_ESMFold_hypothetical_protein	3li1-assembly1.cif.gz_B Crystal structure of the mutant I218A of orotidine 5'-monophosphate decarboxylase from Methanobacterium thermoautotrophicum complexed with inhibitor BMP	0.222	215	162	11	225	7	215	8.371E-11	322
LOKIASV2_4297_ESMFold_hypothetical_protein	3m1z-assembly1.cif.gz_B	LOKIASV2_4297_ESMFold_hypothetical_protein	3m1z-assembly1.cif.gz_B Crystal structure of the mutant V182A.V201A of orotidine 5'-monophosphate decarboxylase from Methanobacterium thermoautotrophicum complexed with inhibitor BMP	0.225	215	161	11	225	7	215	1.319E-10	322
LOKIASV2_4297_ESMFold_hypothetical_protein	4fxr-assembly1.cif.gz_B	LOKIASV2_4297_ESMFold_hypothetical_protein	4fxr-assembly1.cif.gz_B Crystal structure of the mutant T159V.R203A of orotidine 5'-monophosphate decarboxylase from Methanobacterium thermoautotrophicum complexed with inhibitor BMP	0.189	217	173	7	223	1	214	6.484E-10	321
LOKIASV2_4297_ESMFold_hypothetical_protein	3sj3-assembly1.cif.gz_B	LOKIASV2_4297_ESMFold_hypothetical_protein	3sj3-assembly1.cif.gz_B Crystal structure of the mutant R160A.Y206F of orotidine 5'-monophosphate decarboxylase from Methanobacterium thermoautotrophicum complexed with the inhibitor BMP	0.220	215	162	11	225	7	215	5.311E-11	321
LOKIASV2_4297_ESMFold_hypothetical_protein	3llf-assembly1.cif.gz_B	LOKIASV2_4297_ESMFold_hypothetical_protein	3llf-assembly1.cif.gz_B Crystal structure of the mutant S127P of orotidine 5'-monophosphate decarboxylase from Methanobacterium thermoautotrophicum complexed with 6-azauridine 5'-monophosphate	0.222	214	161	11	224	9	216	1.319E-10	320
LOKIASV2_4297_ESMFold_hypothetical_protein	3lv5-assembly1.cif.gz_B	LOKIASV2_4297_ESMFold_hypothetical_protein	3lv5-assembly1.cif.gz_B Crystal structure of the mutant I199E of orotidine 5'-monophosphate decarboxylase from Methanobacterium thermoautotrophicum complexed with inhibitor BMP	0.222	215	162	11	225	7	215	2.330E-10	320
LOKIASV2_4297_ESMFold_hypothetical_protein	3nq6-assembly1.cif.gz_B	LOKIASV2_4297_ESMFold_hypothetical_protein	3nq6-assembly1.cif.gz_B Crystal structure of the mutant P180A of orotidine 5'-monophosphate decarboxylase from Methanobacterium thermoautotrophicum complexed with inhibitor 6-azaUMP	0.230	215	160	11	225	7	215	1.856E-10	320
LOKIASV2_4297_ESMFold_hypothetical_protein	3nqg-assembly1.cif.gz_B	LOKIASV2_4297_ESMFold_hypothetical_protein	3nqg-assembly1.cif.gz_B Crystal structure of the mutant V155D of orotidine 5'-monophosphate decarboxylase from Methanobacterium thermoautotrophicum complexed with inhibitor BMP	0.225	215	161	11	225	7	215	1.565E-10	320
LOKIASV2_4297_ESMFold_hypothetical_protein	4fx8-assembly1.cif.gz_B	LOKIASV2_4297_ESMFold_hypothetical_protein	4fx8-assembly1.cif.gz_B Crystal structure of the mutant Q185A.R203A of orotidine 5'-monophosphate decarboxylase from Methanobacterium thermoautotrophicum complexed with inhibitor BMP	0.219	214	162	11	224	7	214	1.964E-10	319
LOKIASV2_4297_ESMFold_hypothetical_protein	4lw7-assembly1.cif.gz_B	LOKIASV2_4297_ESMFold_hypothetical_protein	4lw7-assembly1.cif.gz_B Crystal structure of the mutant H128S of orotidine 5'-monophosphate decarboxylase from Methanobacterium thermoautotrophicum complexed with the inhibitor BMP	0.222	215	162	11	225	9	217	2.201E-10	319
LOKIASV2_4297_ESMFold_hypothetical_protein	1kly-assembly1.cif.gz_A	LOKIASV2_4297_ESMFold_hypothetical_protein	1kly-assembly1.cif.gz_A Orotidine monophosphate decarboxylase D70G mutant complexed with 6-azaUMP	0.219	213	161	11	223	5	211	3.887E-10	317
LOKIASV2_4297_ESMFold_hypothetical_protein	3sec-assembly1.cif.gz_A-2	LOKIASV2_4297_ESMFold_hypothetical_protein	3sec-assembly1.cif.gz_A-2 Crystal structure of Methanothermobacter thermautotrophicus orotidine 5'-monophosphate decarboxylase complexed with pyrazofurin monophosphate	0.220	216	163	11	226	5	214	3.469E-10	317
LOKIASV2_4297_ESMFold_hypothetical_protein	3wk3-assembly1.cif.gz_A	LOKIASV2_4297_ESMFold_hypothetical_protein	3wk3-assembly1.cif.gz_A Orotidine 5'-monophosphate decarboxylase K72A mutant from M. thermoautotrophicus complexed with orotidine 5'-monophosphate ethyl ester	0.214	215	163	11	225	5	213	2.610E-10	317
LOKIASV2_4297_ESMFold_hypothetical_protein	3pc0-assembly1.cif.gz_B	LOKIASV2_4297_ESMFold_hypothetical_protein	3pc0-assembly1.cif.gz_B Crystal structure of the mutant V155S of orotidine 5'-monophosphate decarboxylase from Methanobacterium thermoautotrophicum complexed with 6-azauridine 5'-monophosphate	0.221	215	162	11	225	7	215	1.478E-10	317
LOKIASV2_4297_ESMFold_hypothetical_protein	4nu7-assembly1.cif.gz_C	LOKIASV2_4297_ESMFold_hypothetical_protein	4nu7-assembly1.cif.gz_C 2.05 Angstrom Crystal Structure of Ribulose-phosphate 3-epimerase from Toxoplasma gondii.	0.142	222	185	8	224	3	224	3.277E-10	317
LOKIASV2_4297_ESMFold_hypothetical_protein	3lv6-assembly1.cif.gz_B	LOKIASV2_4297_ESMFold_hypothetical_protein	3lv6-assembly1.cif.gz_B Crystal structure of the mutant I218F of orotidine 5'-monophosphate decarboxylase from Methanobacterium thermoautotrophicum complexed with inhibitor BMP	0.221	215	162	11	225	7	215	2.610E-10	316
LOKIASV2_4297_ESMFold_hypothetical_protein	4n2y-assembly6.cif.gz_D	LOKIASV2_4297_ESMFold_hypothetical_protein	4n2y-assembly6.cif.gz_D Crystal structure of orotidine 5'-monophosphate decarboxylase from Archaeoglobus fulgidus	0.204	220	160	7	226	1	202	2.201E-10	315
LOKIASV2_4297_ESMFold_hypothetical_protein	1km0-assembly1.cif.gz_B	LOKIASV2_4297_ESMFold_hypothetical_protein	1km0-assembly1.cif.gz_B Crystal structure of orotidine monophosphate decarboxylase mutant D70N complexed with 6-azaUMP	0.215	217	165	7	223	1	211	5.787E-10	315
LOKIASV2_4297_ESMFold_hypothetical_protein	3ldv-assembly1.cif.gz_B	LOKIASV2_4297_ESMFold_hypothetical_protein	3ldv-assembly1.cif.gz_B 1.77 Angstrom resolution crystal structure of orotidine 5'-phosphate decarboxylase from Vibrio cholerae O1 biovar eltor str. N16961	0.163	223	179	7	221	1	223	7.691E-10	315
LOKIASV2_4297_ESMFold_hypothetical_protein	1rpx-assembly1.cif.gz_A	LOKIASV2_4297_ESMFold_hypothetical_protein	1rpx-assembly1.cif.gz_A D-RIBULOSE-5-PHOSPHATE 3-EPIMERASE FROM SOLANUM TUBEROSUM CHLOROPLASTS	0.158	223	182	4	220	4	226	1.082E-09	315
LOKIASV2_4297_ESMFold_hypothetical_protein	1km2-assembly1.cif.gz_A	LOKIASV2_4297_ESMFold_hypothetical_protein	1km2-assembly1.cif.gz_A crystal structure of orotidine monophosphate mutant Q185A with 6-azaUMP	0.227	210	159	11	220	4	210	1.358E-09	313
LOKIASV2_4297_ESMFold_hypothetical_protein	3lts-assembly1.cif.gz_B	LOKIASV2_4297_ESMFold_hypothetical_protein	3lts-assembly1.cif.gz_B Crystal structure of the mutant V182A,I199A of orotidine 5'-monophosphate decarboxylase from Methanobacterium thermoautotrophicum complexed with inhibitor BMP	0.228	212	158	11	222	7	212	2.925E-10	313
LOKIASV2_4297_ESMFold_hypothetical_protein	4fx6-assembly1.cif.gz_M	LOKIASV2_4297_ESMFold_hypothetical_protein	4fx6-assembly1.cif.gz_M Crystal structure of the mutant V182A.R203A of orotidine 5'-monophosphate decarboxylase from Methanobacterium thermoautotrophicum complexed with inhibitor BMP	0.218	215	163	11	225	7	215	3.277E-10	313
LOKIASV2_4297_ESMFold_hypothetical_protein	3nqa-assembly1.cif.gz_B	LOKIASV2_4297_ESMFold_hypothetical_protein	3nqa-assembly1.cif.gz_B Crystal structure of the mutant F100A of orotidine 5'-monophosphate decarboxylase from Methanobacterium thermoautotrophicum complexed with inhibitor BMP	0.222	215	162	11	225	7	215	4.114E-10	313
LOKIASV2_4297_ESMFold_hypothetical_protein	3inp-assembly1.cif.gz_A	LOKIASV2_4297_ESMFold_hypothetical_protein	3inp-assembly1.cif.gz_A 2.05 Angstrom Resolution Crystal Structure of D-ribulose-phosphate 3-epimerase from Francisella tularensis.	0.160	215	179	10	223	3	217	5.165E-10	312
LOKIASV2_4297_ESMFold_hypothetical_protein	3qmr-assembly1.cif.gz_B	LOKIASV2_4297_ESMFold_hypothetical_protein	3qmr-assembly1.cif.gz_B Crystal structure of the mutant R160A,V182A of orotidine 5'-monophosphate decarboxylase from Methanobacterium thermoautotrophicum complexed with the inhibitor BMP	0.226	215	161	11	225	7	215	9.379E-11	311
LOKIASV2_4297_ESMFold_hypothetical_protein	1km3-assembly1.cif.gz_A	LOKIASV2_4297_ESMFold_hypothetical_protein	1km3-assembly1.cif.gz_A crystal structure of ODCase mutant K42A complexed with 6-azaUMP	0.220	213	161	11	223	5	211	3.887E-10	309
LOKIASV2_4297_ESMFold_hypothetical_protein	3li0-assembly1.cif.gz_B	LOKIASV2_4297_ESMFold_hypothetical_protein	3li0-assembly1.cif.gz_B Crystal structure of the mutant R203A of orotidine 5'-monophosphate decarboxylase from Methanobacterium thermoautotrophicum complexed with inhibitor BMP	0.214	215	163	11	225	13	221	1.246E-10	309
LOKIASV2_4297_ESMFold_hypothetical_protein	4lui-assembly1.cif.gz_A	LOKIASV2_4297_ESMFold_hypothetical_protein	4lui-assembly1.cif.gz_A Crystal structure of Orotidine 5'-monophosphate decarboxylase from methanocaldococcus jannaschii	0.237	214	152	7	220	3	202	9.655E-10	308
LOKIASV2_4297_ESMFold_hypothetical_protein	3p5y-assembly1.cif.gz_B	LOKIASV2_4297_ESMFold_hypothetical_protein	3p5y-assembly1.cif.gz_B Crystal structure of the mutant T159A of orotidine 5'-monophosphate decarboxylase from Methanobacterium thermoautotrophicum complexed with inhibitor BMP	0.217	219	168	5	223	4	218	3.672E-10	308
LOKIASV2_4297_ESMFold_hypothetical_protein	4gc4-assembly1.cif.gz_B	LOKIASV2_4297_ESMFold_hypothetical_protein	4gc4-assembly1.cif.gz_B Crystal structure of the mutant R160A.R203A of orotidine 5'-monophosphate decarboxylase from Methanobacterium thermoautotrophicum complexed with inhibitor BMP	0.220	213	161	11	223	10	216	4.880E-10	303
LOKIASV2_4297_ESMFold_hypothetical_protein	1l2u-assembly1.cif.gz_B	LOKIASV2_4297_ESMFold_hypothetical_protein	1l2u-assembly1.cif.gz_B Orotidine 5'-monophosphate decarboxylase from E. coli	0.157	220	181	6	221	2	221	1.145E-09	302
LOKIASV2_4297_ESMFold_hypothetical_protein	1los-assembly1.cif.gz_B	LOKIASV2_4297_ESMFold_hypothetical_protein	1los-assembly1.cif.gz_B crystal structure of orotidine monophosphate decarboxylase mutant deltaR203A complexed with 6-azaUMP	0.215	212	158	11	222	4	205	9.655E-10	301
LOKIASV2_4297_ESMFold_hypothetical_protein	3m41-assembly1.cif.gz_A	LOKIASV2_4297_ESMFold_hypothetical_protein	3m41-assembly1.cif.gz_A Crystal structure of the mutant V182A of orotidine 5'-monophosphate decarboxylase from Methanobacterium thermoautotrophicum	0.215	213	153	11	223	11	206	5.467E-10	301
LOKIASV2_4297_ESMFold_hypothetical_protein	3m5y-assembly1.cif.gz_B	LOKIASV2_4297_ESMFold_hypothetical_protein	3m5y-assembly1.cif.gz_B Crystal structure of the mutant V182A,V201A of orotidine 5'-monophosphate decarboxylase from Methanobacterium thermoautotrophicum	0.219	213	155	11	223	11	210	7.265E-10	301
LOKIASV2_4297_ESMFold_hypothetical_protein	3g18-assembly1.cif.gz_A	LOKIASV2_4297_ESMFold_hypothetical_protein	3g18-assembly1.cif.gz_A Crystal structure of orotidine 5'-monophosphate decarboxylase from Methanobacterium thermoautotrophicum	0.218	213	154	11	223	12	209	4.610E-10	300
LOKIASV2_4297_ESMFold_hypothetical_protein	1km0-assembly2.cif.gz_C	LOKIASV2_4297_ESMFold_hypothetical_protein	1km0-assembly2.cif.gz_C Crystal structure of orotidine monophosphate decarboxylase mutant D70N complexed with 6-azaUMP	0.218	215	163	11	225	7	215	7.265E-10	300
LOKIASV2_4297_ESMFold_hypothetical_protein	1tqj-assembly1.cif.gz_E	LOKIASV2_4297_ESMFold_hypothetical_protein	1tqj-assembly1.cif.gz_E Crystal structure of D-ribulose 5-phosphate 3-epimerase from Synechocystis to 1.6 angstrom resolution	0.169	214	175	7	220	1	212	6.864E-10	299
LOKIASV2_4297_ESMFold_hypothetical_protein	3tr2-assembly1.cif.gz_B	LOKIASV2_4297_ESMFold_hypothetical_protein	3tr2-assembly1.cif.gz_B Structure of a orotidine 5'-phosphate decarboxylase (pyrF) from Coxiella burnetii	0.177	220	178	7	223	1	220	5.787E-10	299
LOKIASV2_4297_ESMFold_hypothetical_protein	4n2y-assembly1.cif.gz_B	LOKIASV2_4297_ESMFold_hypothetical_protein	4n2y-assembly1.cif.gz_B Crystal structure of orotidine 5'-monophosphate decarboxylase from Archaeoglobus fulgidus	0.220	213	154	9	221	2	199	1.358E-09	297
LOKIASV2_4297_ESMFold_hypothetical_protein	1lol-assembly1.cif.gz_A	LOKIASV2_4297_ESMFold_hypothetical_protein	1lol-assembly1.cif.gz_A Crystal structure of orotidine monophosphate decarboxylase complex with XMP	0.218	217	158	7	223	1	203	1.522E-09	297
LOKIASV2_4297_ESMFold_hypothetical_protein	3m5x-assembly1.cif.gz_B	LOKIASV2_4297_ESMFold_hypothetical_protein	3m5x-assembly1.cif.gz_B Crystal structure of the mutant V182A,I199A of orotidine 5'-monophosphate decarboxylase from Methanobacterium thermoautotrophicum	0.217	216	158	8	223	8	210	1.212E-09	295
LOKIASV2_4297_ESMFold_hypothetical_protein	3m5z-assembly1.cif.gz_B	LOKIASV2_4297_ESMFold_hypothetical_protein	3m5z-assembly1.cif.gz_B Crystal structure of the mutant V182A,I218A of orotidine 5'-monophosphate decarboxylase from Methanobacterium thermoautotrophicum	0.206	214	160	11	224	10	212	1.438E-09	293
LOKIASV2_4297_ESMFold_hypothetical_protein	1tqj-assembly1.cif.gz_F	LOKIASV2_4297_ESMFold_hypothetical_protein	1tqj-assembly1.cif.gz_F Crystal structure of D-ribulose 5-phosphate 3-epimerase from Synechocystis to 1.6 angstrom resolution	0.156	214	180	7	220	1	214	4.235E-09	292
LOKIASV2_4297_ESMFold_hypothetical_protein	7b1w-assembly2.cif.gz_K-3	LOKIASV2_4297_ESMFold_hypothetical_protein	7b1w-assembly2.cif.gz_K-3 Crystal structure of plastidial ribulose epimerase RPE1 from the model alga Chlamydomonas reinhardtii	0.136	215	181	7	217	10	224	7.066E-09	291
LOKIASV2_4297_ESMFold_hypothetical_protein	2fli-assembly1.cif.gz_E	LOKIASV2_4297_ESMFold_hypothetical_protein	2fli-assembly1.cif.gz_E The crystal structure of D-ribulose 5-phosphate 3-epimerase from Streptococus pyogenes complexed with D-xylitol 5-phosphate	0.149	214	180	10	221	3	216	2.687E-09	290
LOKIASV2_4297_ESMFold_hypothetical_protein	3ldv-assembly1.cif.gz_A	LOKIASV2_4297_ESMFold_hypothetical_protein	3ldv-assembly1.cif.gz_A 1.77 Angstrom resolution crystal structure of orotidine 5'-phosphate decarboxylase from Vibrio cholerae O1 biovar eltor str. N16961	0.159	230	181	6	221	2	231	3.374E-09	290
LOKIASV2_4297_ESMFold_hypothetical_protein	3m47-assembly1.cif.gz_A	LOKIASV2_4297_ESMFold_hypothetical_protein	3m47-assembly1.cif.gz_A Crystal structure of the mutant I218A of orotidine 5'-monophosphate decarboxylase from Methanobacterium thermoautotrophicum	0.211	213	155	11	223	11	208	1.910E-09	289
LOKIASV2_4297_ESMFold_hypothetical_protein	5umf-assembly1.cif.gz_C	LOKIASV2_4297_ESMFold_hypothetical_protein	5umf-assembly1.cif.gz_C Crystal Structure of a Ribulose-phosphate 3-epimerase from Neisseria gonorrhoeae with bound phosphate	0.168	221	178	10	224	3	223	3.374E-09	289
LOKIASV2_4297_ESMFold_hypothetical_protein	8dop-assembly1.cif.gz_A	LOKIASV2_4297_ESMFold_hypothetical_protein	8dop-assembly1.cif.gz_A Crystal structure of 2,3-diketo-5-methylthiopentyl-1-phosphate enolase-phosphatase from Klebsiella aerogenes (P1 Form)	0.132	217	184	6	222	2	214	9.121E-10	286
LOKIASV2_4297_ESMFold_hypothetical_protein	8cso-assembly5.cif.gz_I	LOKIASV2_4297_ESMFold_hypothetical_protein	8cso-assembly5.cif.gz_I Crystal Structure of Orotidine 5'-phosphate decarboxylase from Klebsiella pneumoniae in complex with Uridine-5'-monophosphate	0.158	216	181	11	226	2	217	2.539E-09	286
LOKIASV2_4297_ESMFold_hypothetical_protein	1tqj-assembly1.cif.gz_B	LOKIASV2_4297_ESMFold_hypothetical_protein	1tqj-assembly1.cif.gz_B Crystal structure of D-ribulose 5-phosphate 3-epimerase from Synechocystis to 1.6 angstrom resolution	0.148	214	178	7	220	1	210	1.910E-09	284
LOKIASV2_4297_ESMFold_hypothetical_protein	3ct7-assembly1.cif.gz_A	LOKIASV2_4297_ESMFold_hypothetical_protein	3ct7-assembly1.cif.gz_A Crystal structure of D-allulose 6-phosphate 3-epimerase from Escherichia Coli K-12	0.175	216	174	10	221	2	217	5.023E-09	284
LOKIASV2_4297_ESMFold_hypothetical_protein	1h1z-assembly1.cif.gz_B	LOKIASV2_4297_ESMFold_hypothetical_protein	1h1z-assembly1.cif.gz_B The structure of the cytosolic D-ribulose-5-phosphate 3-epimerase from rice complexed with sulfate and zinc	0.151	217	182	9	223	2	218	5.957E-09	283
LOKIASV2_4297_ESMFold_hypothetical_protein	4o8r-assembly5.cif.gz_I	LOKIASV2_4297_ESMFold_hypothetical_protein	4o8r-assembly5.cif.gz_I Crystal structure of orotidine 5'-monophosphate decarboxylase from methanobacterium thermoautotrophicum complexed with 5,6-dihydrouridine 5'-monophosphate	0.225	208	150	12	219	2	196	2.539E-09	282
LOKIASV2_4297_ESMFold_hypothetical_protein	3uwq-assembly1.cif.gz_A	LOKIASV2_4297_ESMFold_hypothetical_protein	3uwq-assembly1.cif.gz_A 1.80 Angstrom resolution crystal structure of orotidine 5'-phosphate decarboxylase from Vibrio cholerae O1 biovar eltor str. N16961 in complex with uridine-5'-monophosphate (UMP)	0.157	222	180	7	221	1	222	2.203E-08	282
LOKIASV2_4297_ESMFold_hypothetical_protein	7u5y-assembly1.cif.gz_E	LOKIASV2_4297_ESMFold_hypothetical_protein	7u5y-assembly1.cif.gz_E Crystal structure of ribulose-phosphate 3-epimerase from Pseudomonas aeruginosa	0.199	220	175	6	224	3	222	2.266E-09	281
LOKIASV2_4297_ESMFold_hypothetical_protein	8dop-assembly2.cif.gz_C	LOKIASV2_4297_ESMFold_hypothetical_protein	8dop-assembly2.cif.gz_C Crystal structure of 2,3-diketo-5-methylthiopentyl-1-phosphate enolase-phosphatase from Klebsiella aerogenes (P1 Form)	0.137	216	184	6	221	2	215	5.023E-09	280
LOKIASV2_4297_ESMFold_hypothetical_protein	8dop-assembly3.cif.gz_E	LOKIASV2_4297_ESMFold_hypothetical_protein	8dop-assembly3.cif.gz_E Crystal structure of 2,3-diketo-5-methylthiopentyl-1-phosphate enolase-phosphatase from Klebsiella aerogenes (P1 Form)	0.145	216	184	11	226	6	221	4.483E-09	280
LOKIASV2_4297_ESMFold_hypothetical_protein	1tqx-assembly1.cif.gz_A	LOKIASV2_4297_ESMFold_hypothetical_protein	1tqx-assembly1.cif.gz_A Crystal Structure of Pfal009167 A Putative D-Ribulose 5-Phosphate 3-Epimerase from P.falciparum	0.131	220	188	7	223	1	220	1.858E-08	276
LOKIASV2_4297_ESMFold_hypothetical_protein	1i4n-assembly2.cif.gz_B	LOKIASV2_4297_ESMFold_hypothetical_protein	1i4n-assembly2.cif.gz_B CRYSTAL STRUCTURE OF INDOLEGLYCEROL PHOSPHATE SYNTHASE FROM THERMOTOGA MARITIMA	0.186	219	177	3	221	33	250	7.917E-09	276
LOKIASV2_4297_ESMFold_hypothetical_protein	3tr2-assembly1.cif.gz_A	LOKIASV2_4297_ESMFold_hypothetical_protein	3tr2-assembly1.cif.gz_A Structure of a orotidine 5'-phosphate decarboxylase (pyrF) from Coxiella burnetii	0.174	218	176	7	220	1	218	3.011E-09	274
LOKIASV2_4297_ESMFold_hypothetical_protein	3uwq-assembly1.cif.gz_B	LOKIASV2_4297_ESMFold_hypothetical_protein	3uwq-assembly1.cif.gz_B 1.80 Angstrom resolution crystal structure of orotidine 5'-phosphate decarboxylase from Vibrio cholerae O1 biovar eltor str. N16961 in complex with uridine-5'-monophosphate (UMP)	0.155	224	181	7	221	1	224	3.891E-08	273
LOKIASV2_4297_ESMFold_hypothetical_protein	1xi3-assembly1.cif.gz_B	LOKIASV2_4297_ESMFold_hypothetical_protein	1xi3-assembly1.cif.gz_B Thiamine phosphate pyrophosphorylase from Pyrococcus furiosus Pfu-1255191-001	0.191	218	159	9	226	6	202	3.187E-09	270
LOKIASV2_4297_ESMFold_hypothetical_protein	3m44-assembly1.cif.gz_A	LOKIASV2_4297_ESMFold_hypothetical_protein	3m44-assembly1.cif.gz_A Crystal structure of the mutant V201A of orotidine 5'-monophosphate decarboxylase from Methanobacterium thermoautotrophicum	0.211	213	154	11	223	11	206	7.265E-10	269
LOKIASV2_4297_ESMFold_hypothetical_protein	4dbd-assembly1.cif.gz_A-2	LOKIASV2_4297_ESMFold_hypothetical_protein	4dbd-assembly1.cif.gz_A-2 Crystal structure of orotidine 5'-monophosphate decarboxylase from Sulfolobus solfataricus	0.194	216	166	11	226	4	210	2.687E-09	267
LOKIASV2_4297_ESMFold_hypothetical_protein	8cso-assembly2.cif.gz_D	LOKIASV2_4297_ESMFold_hypothetical_protein	8cso-assembly2.cif.gz_D Crystal Structure of Orotidine 5'-phosphate decarboxylase from Klebsiella pneumoniae in complex with Uridine-5'-monophosphate	0.136	218	185	10	224	3	220	1.114E-08	266
LOKIASV2_4297_ESMFold_hypothetical_protein	3g1y-assembly1.cif.gz_B	LOKIASV2_4297_ESMFold_hypothetical_protein	3g1y-assembly1.cif.gz_B Crystal structure of the mutant D70N of orotidine 5'-monophosphate decarboxylase from Methanobacterium thermoautotrophicum complexed with sulfate	0.201	213	153	11	223	11	203	1.179E-08	264
LOKIASV2_4297_ESMFold_hypothetical_protein	1tqj-assembly1.cif.gz_D	LOKIASV2_4297_ESMFold_hypothetical_protein	1tqj-assembly1.cif.gz_D Crystal structure of D-ribulose 5-phosphate 3-epimerase from Synechocystis to 1.6 angstrom resolution	0.169	214	176	7	220	1	213	9.939E-09	263
LOKIASV2_4297_ESMFold_hypothetical_protein	1j5t-assembly1.cif.gz_A	LOKIASV2_4297_ESMFold_hypothetical_protein	1j5t-assembly1.cif.gz_A Crystal structure of indole-3-glycerol phosphate synthase (TM0140) from Thermotoga maritima at 3.0 A resolution	0.182	214	172	8	221	22	232	1.658E-08	263
LOKIASV2_4297_ESMFold_hypothetical_protein	8ek7-assembly1.cif.gz_A	LOKIASV2_4297_ESMFold_hypothetical_protein	8ek7-assembly1.cif.gz_A Crystal structure of Hepes and Mg bound 2,3-diketo-5-methylthiopentyl-1-phosphate enolase-phosphatase from Klebsiella aerogenes	0.144	212	180	11	221	7	218	8.870E-09	261
LOKIASV2_4297_ESMFold_hypothetical_protein	8doq-assembly1.cif.gz_B	LOKIASV2_4297_ESMFold_hypothetical_protein	8doq-assembly1.cif.gz_B Crystal structure of 2,3-diketo-5-methylthiopentyl-1-phosphate enolase-phosphatase from Klebsiella aerogenes (P21 Form)	0.144	214	180	11	221	6	219	2.469E-08	259
LOKIASV2_4297_ESMFold_hypothetical_protein	8dop-assembly4.cif.gz_H	LOKIASV2_4297_ESMFold_hypothetical_protein	8dop-assembly4.cif.gz_H Crystal structure of 2,3-diketo-5-methylthiopentyl-1-phosphate enolase-phosphatase from Klebsiella aerogenes (P1 Form)	0.144	220	184	6	221	2	221	3.099E-08	259
LOKIASV2_4297_ESMFold_hypothetical_protein	3ru6-assembly2.cif.gz_C	LOKIASV2_4297_ESMFold_hypothetical_protein	3ru6-assembly2.cif.gz_C 1.8 Angstrom resolution crystal structure of orotidine 5'-phosphate decarboxylase (pyrF) from Campylobacter jejuni subsp. jejuni NCTC 11168	0.175	214	172	10	219	2	215	1.023E-07	258
LOKIASV2_4297_ESMFold_hypothetical_protein	3ovr-assembly1.cif.gz_B	LOKIASV2_4297_ESMFold_hypothetical_protein	3ovr-assembly1.cif.gz_B Crystal Structure of hRPE and D-Xylulose 5-Phosphate Complex	0.142	218	185	10	226	3	220	5.171E-08	258
LOKIASV2_4297_ESMFold_hypothetical_protein	7sbj-assembly1.cif.gz_C	LOKIASV2_4297_ESMFold_hypothetical_protein	7sbj-assembly1.cif.gz_C Crystal Structure of Ribulose-phosphate 3-epimerase from Stenotrophomonas maltophilia K279a	0.159	219	180	10	224	2	220	2.082E-08	257
LOKIASV2_4297_ESMFold_hypothetical_protein	3m43-assembly1.cif.gz_A	LOKIASV2_4297_ESMFold_hypothetical_protein	3m43-assembly1.cif.gz_A Crystal structure of the mutant I199A of orotidine 5'-monophosphate decarboxylase from Methanobacterium thermoautotrophicum	0.212	216	156	8	223	8	206	1.212E-09	256
LOKIASV2_4297_ESMFold_hypothetical_protein	1lp6-assembly1.cif.gz_B	LOKIASV2_4297_ESMFold_hypothetical_protein	1lp6-assembly1.cif.gz_B Crystal structure of orotidine monophosphate decarboxylase complexed with CMP	0.214	215	160	11	225	5	208	4.745E-09	255
LOKIASV2_4297_ESMFold_hypothetical_protein	1jjk-assembly1.cif.gz_A	LOKIASV2_4297_ESMFold_hypothetical_protein	1jjk-assembly1.cif.gz_A Selenomethionine Substitution of Orotidine-5'-monophosphate Decarboxylase from E. coli Causes a Change in Crystal Contacts and Space Group	0.158	229	181	6	221	2	230	1.858E-08	255
LOKIASV2_4297_ESMFold_hypothetical_protein	3ru6-assembly2.cif.gz_B	LOKIASV2_4297_ESMFold_hypothetical_protein	3ru6-assembly2.cif.gz_B 1.8 Angstrom resolution crystal structure of orotidine 5'-phosphate decarboxylase (pyrF) from Campylobacter jejuni subsp. jejuni NCTC 11168	0.169	217	174	10	219	3	219	1.083E-07	252
LOKIASV2_4297_ESMFold_hypothetical_protein	8doq-assembly1.cif.gz_A	LOKIASV2_4297_ESMFold_hypothetical_protein	8doq-assembly1.cif.gz_A Crystal structure of 2,3-diketo-5-methylthiopentyl-1-phosphate enolase-phosphatase from Klebsiella aerogenes (P21 Form)	0.135	212	182	11	222	6	216	2.332E-08	250
LOKIASV2_4297_ESMFold_hypothetical_protein	1los-assembly2.cif.gz_C	LOKIASV2_4297_ESMFold_hypothetical_protein	1los-assembly2.cif.gz_C crystal structure of orotidine monophosphate decarboxylase mutant deltaR203A complexed with 6-azaUMP	0.215	195	147	11	205	3	190	3.281E-08	248
LOKIASV2_4297_ESMFold_hypothetical_protein	8dop-assembly3.cif.gz_F	LOKIASV2_4297_ESMFold_hypothetical_protein	8dop-assembly3.cif.gz_F Crystal structure of 2,3-diketo-5-methylthiopentyl-1-phosphate enolase-phosphatase from Klebsiella aerogenes (P1 Form)	0.139	220	183	11	223	6	225	5.473E-08	246
LOKIASV2_4297_ESMFold_hypothetical_protein	8cso-assembly4.cif.gz_H	LOKIASV2_4297_ESMFold_hypothetical_protein	8cso-assembly4.cif.gz_H Crystal Structure of Orotidine 5'-phosphate decarboxylase from Klebsiella pneumoniae in complex with Uridine-5'-monophosphate	0.151	214	177	10	223	2	210	6.491E-08	244
LOKIASV2_4297_ESMFold_hypothetical_protein	8dop-assembly4.cif.gz_G	LOKIASV2_4297_ESMFold_hypothetical_protein	8dop-assembly4.cif.gz_G Crystal structure of 2,3-diketo-5-methylthiopentyl-1-phosphate enolase-phosphatase from Klebsiella aerogenes (P1 Form)	0.140	223	189	6	226	2	224	1.023E-07	244
LOKIASV2_4297_ESMFold_hypothetical_protein	8cso-assembly1.cif.gz_B	LOKIASV2_4297_ESMFold_hypothetical_protein	8cso-assembly1.cif.gz_B Crystal Structure of Orotidine 5'-phosphate decarboxylase from Klebsiella pneumoniae in complex with Uridine-5'-monophosphate	0.149	228	184	10	226	2	229	3.281E-08	236
LOKIASV2_4297_ESMFold_hypothetical_protein	1xm3-assembly1.cif.gz_C	LOKIASV2_4297_ESMFold_hypothetical_protein	1xm3-assembly1.cif.gz_C Crystal structure of Northeast Structural Genomics Target SR156	0.205	221	174	6	225	10	230	1.755E-08	234
LOKIASV2_4297_ESMFold_hypothetical_protein	2yyt-assembly2.cif.gz_D	LOKIASV2_4297_ESMFold_hypothetical_protein	2yyt-assembly2.cif.gz_D Crystal structure of uncharacterized conserved protein from Geobacillus kaustophilus	0.150	213	179	11	221	2	214	8.149E-08	233
LOKIASV2_4297_ESMFold_hypothetical_protein	3qh2-assembly2.cif.gz_D	LOKIASV2_4297_ESMFold_hypothetical_protein	3qh2-assembly2.cif.gz_D Crystal structure of TenI from Bacillus subtilis complexed with product cThz-P	0.151	219	163	7	225	2	194	1.807E-07	231
LOKIASV2_4297_ESMFold_hypothetical_protein	1yad-assembly2.cif.gz_D	LOKIASV2_4297_ESMFold_hypothetical_protein	1yad-assembly2.cif.gz_D Structure of TenI from Bacillus subtilis	0.144	215	159	9	223	2	188	2.541E-07	230
LOKIASV2_4297_ESMFold_hypothetical_protein	3qh2-assembly1.cif.gz_B	LOKIASV2_4297_ESMFold_hypothetical_protein	3qh2-assembly1.cif.gz_B Crystal structure of TenI from Bacillus subtilis complexed with product cThz-P	0.147	217	165	7	223	1	194	2.024E-07	230
LOKIASV2_4297_ESMFold_hypothetical_protein	2yyu-assembly1.cif.gz_A	LOKIASV2_4297_ESMFold_hypothetical_protein	2yyu-assembly1.cif.gz_A Crystal structure of uncharacterized conserved protein from Geobacillus kaustophilus	0.166	222	176	9	220	2	223	9.665E-08	230
LOKIASV2_4297_ESMFold_hypothetical_protein	1xm3-assembly1.cif.gz_A	LOKIASV2_4297_ESMFold_hypothetical_protein	1xm3-assembly1.cif.gz_A Crystal structure of Northeast Structural Genomics Target SR156	0.196	220	171	6	225	10	223	2.928E-08	230
LOKIASV2_4297_ESMFold_hypothetical_protein	3tsm-assembly1.cif.gz_B	LOKIASV2_4297_ESMFold_hypothetical_protein	3tsm-assembly1.cif.gz_B Crystal structure of Indole-3-glycerol phosphate synthase from Brucella melitensis	0.134	210	179	8	217	50	257	1.439E-07	230
LOKIASV2_4297_ESMFold_hypothetical_protein	8cso-assembly4.cif.gz_G	LOKIASV2_4297_ESMFold_hypothetical_protein	8cso-assembly4.cif.gz_G Crystal Structure of Orotidine 5'-phosphate decarboxylase from Klebsiella pneumoniae in complex with Uridine-5'-monophosphate	0.132	217	177	10	226	2	206	4.488E-07	227
LOKIASV2_4297_ESMFold_hypothetical_protein	1dbt-assembly2.cif.gz_C-2	LOKIASV2_4297_ESMFold_hypothetical_protein	1dbt-assembly2.cif.gz_C-2 CRYSTAL STRUCTURE OF OROTIDINE 5'-MONOPHOSPHATE DECARBOXYLASE FROM BACILLUS SUBTILIS COMPLEXED WITH UMP	0.157	232	180	9	222	2	233	1.523E-07	227
LOKIASV2_4297_ESMFold_hypothetical_protein	3qh2-assembly1.cif.gz_A	LOKIASV2_4297_ESMFold_hypothetical_protein	3qh2-assembly1.cif.gz_A Crystal structure of TenI from Bacillus subtilis complexed with product cThz-P	0.151	219	162	7	225	2	193	3.575E-07	224
LOKIASV2_4297_ESMFold_hypothetical_protein	7lt4-assembly1.cif.gz_A-2	LOKIASV2_4297_ESMFold_hypothetical_protein	7lt4-assembly1.cif.gz_A-2 The aminoacrylate form of the beta-K167T mutant Tryptophan Synthase at 1.80 Angstrom resolution in complex with N-(4'-trifluoromethoxybenzenesulfonyl)-2-amino-1-ethylphosphate (F9F) at the enzyme alpha-site and cesium ion at the metal coordination site	0.142	254	187	3	221	12	265	1.083E-07	224
LOKIASV2_4297_ESMFold_hypothetical_protein	1yad-assembly1.cif.gz_B	LOKIASV2_4297_ESMFold_hypothetical_protein	1yad-assembly1.cif.gz_B Structure of TenI from Bacillus subtilis	0.144	215	162	9	223	2	191	3.575E-07	223
LOKIASV2_4297_ESMFold_hypothetical_protein	2yyu-assembly1.cif.gz_B	LOKIASV2_4297_ESMFold_hypothetical_protein	2yyu-assembly1.cif.gz_B Crystal structure of uncharacterized conserved protein from Geobacillus kaustophilus	0.161	228	180	7	221	1	228	1.360E-07	223
LOKIASV2_4297_ESMFold_hypothetical_protein	2d69-assembly1.cif.gz_A	LOKIASV2_4297_ESMFold_hypothetical_protein	2d69-assembly1.cif.gz_A Crystal structure of the complex of sulfate ion and octameric ribulose-1,5-bisphosphate carboxylase/oxygenase (Rubisco) from Pyrococcus horikoshii OT3 (form-2 crystal)	0.111	248	194	7	225	150	397	4.360E-08	220
LOKIASV2_4297_ESMFold_hypothetical_protein	7mt4-assembly1.cif.gz_A	LOKIASV2_4297_ESMFold_hypothetical_protein	7mt4-assembly1.cif.gz_A Crystal structure of tryptophan Synthase in complex with F9, NH4+, pH7.8 - alpha aminoacrylate form - E(A-A)	0.158	252	184	3	221	12	263	1.360E-07	219
LOKIASV2_4297_ESMFold_hypothetical_protein	4qcc-assembly1.cif.gz_A	LOKIASV2_4297_ESMFold_hypothetical_protein	4qcc-assembly1.cif.gz_A Structure of a cube-shaped, highly porous protein cage designed by fusing symmetric oligomeric domains	0.144	219	169	7	225	2	200	1.023E-07	219
LOKIASV2_4297_ESMFold_hypothetical_protein	7ki7-assembly1.cif.gz_A-2	LOKIASV2_4297_ESMFold_hypothetical_protein	7ki7-assembly1.cif.gz_A-2 The external aldimine crystal structure of the beta-K167T mutant Tryptophan Synthase at 1.75 Angstrom resolution in complex with N-(4'-trifluoromethoxybenzenesulfonyl)-2-amino-1-ethylphosphate (F9F) at the enzyme alpha-site and cesium ion at the metal coordination site	0.136	251	188	3	221	12	262	1.912E-07	218
LOKIASV2_4297_ESMFold_hypothetical_protein	3qja-assembly1.cif.gz_A	LOKIASV2_4297_ESMFold_hypothetical_protein	3qja-assembly1.cif.gz_A Crystal Structure of the Mycobacterium tuberculosis Indole-3-glycerol phosphate synthase (TrpC) in apo form	0.118	214	175	7	220	47	245	5.028E-07	217
LOKIASV2_4297_ESMFold_hypothetical_protein	1g4e-assembly1.cif.gz_A	LOKIASV2_4297_ESMFold_hypothetical_protein	1g4e-assembly1.cif.gz_A THIAMIN PHOSPHATE SYNTHASE	0.118	225	183	1	225	9	216	3.014E-07	216
LOKIASV2_4297_ESMFold_hypothetical_protein	3qh2-assembly2.cif.gz_C	LOKIASV2_4297_ESMFold_hypothetical_protein	3qh2-assembly2.cif.gz_C Crystal structure of TenI from Bacillus subtilis complexed with product cThz-P	0.143	217	165	7	223	1	194	5.964E-07	215
LOKIASV2_4297_ESMFold_hypothetical_protein	3ve9-assembly1.cif.gz_B	LOKIASV2_4297_ESMFold_hypothetical_protein	3ve9-assembly1.cif.gz_B Crystal structure of orotidine 5'-monophosphate decarboxylase from Metallosphaera sedula	0.166	215	167	10	224	3	203	2.268E-07	215
LOKIASV2_4297_ESMFold_hypothetical_protein	2htm-assembly3.cif.gz_B	LOKIASV2_4297_ESMFold_hypothetical_protein	2htm-assembly3.cif.gz_B Crystal structure of TTHA0676 from Thermus thermophilus HB8	0.144	220	181	6	225	11	223	2.847E-07	214
LOKIASV2_4297_ESMFold_hypothetical_protein	2jgy-assembly1.cif.gz_B	LOKIASV2_4297_ESMFold_hypothetical_protein	2jgy-assembly1.cif.gz_B The crystal structure of human orotidine-5'-decarboxylase domain of human uridine monophosphate synthetase (UMPS)	0.155	222	182	3	224	25	240	6.313E-07	213
LOKIASV2_4297_ESMFold_hypothetical_protein	3o63-assembly1.cif.gz_A-2	LOKIASV2_4297_ESMFold_hypothetical_protein	3o63-assembly1.cif.gz_A-2 Crystal Structure of Thiamin Phosphate Synthase from Mycobacterium tuberculosis	0.167	216	168	8	223	11	213	1.523E-07	211
LOKIASV2_4297_ESMFold_hypothetical_protein	8szz-assembly1.cif.gz_J	LOKIASV2_4297_ESMFold_hypothetical_protein	8szz-assembly1.cif.gz_J CryoEM Structure of Computationally Designed Nanocage O32-ZL4	0.174	215	159	9	223	8	200	4.005E-07	207
LOKIASV2_4297_ESMFold_hypothetical_protein	6bma-assembly1.cif.gz_B	LOKIASV2_4297_ESMFold_hypothetical_protein	6bma-assembly1.cif.gz_B The crystal structure of indole-3-glycerol phosphate synthase from Campylobacter jejuni subsp. jejuni NCTC 11168	0.155	211	175	7	217	51	258	7.925E-07	207
LOKIASV2_4297_ESMFold_hypothetical_protein	5mz2-assembly1.cif.gz_F	LOKIASV2_4297_ESMFold_hypothetical_protein	5mz2-assembly1.cif.gz_F Rubisco from Thalassiosira antarctica	0.121	262	193	4	224	163	424	8.389E-07	207
LOKIASV2_4297_ESMFold_hypothetical_protein	2v81-assembly1.cif.gz_A	LOKIASV2_4297_ESMFold_hypothetical_protein	2v81-assembly1.cif.gz_A Native KDPGal structure	0.155	217	166	9	225	8	204	5.964E-07	205
LOKIASV2_4297_ESMFold_hypothetical_protein	2htm-assembly1.cif.gz_A	LOKIASV2_4297_ESMFold_hypothetical_protein	2htm-assembly1.cif.gz_A Crystal structure of TTHA0676 from Thermus thermophilus HB8	0.136	220	184	6	225	11	224	7.925E-07	205
LOKIASV2_4297_ESMFold_hypothetical_protein	4wy0-assembly1.cif.gz_D	LOKIASV2_4297_ESMFold_hypothetical_protein	4wy0-assembly1.cif.gz_D PdxS (G. stearothermophilus) co-crystallized with R5P in the presence of ammonia.	0.147	235	187	7	226	3	237	7.073E-07	205
LOKIASV2_4297_ESMFold_hypothetical_protein	1hg3-assembly1.cif.gz_A	LOKIASV2_4297_ESMFold_hypothetical_protein	1hg3-assembly1.cif.gz_A Crystal structure of tetrameric TIM from Pyrococcus woesei.	0.148	221	182	6	220	3	223	1.481E-06	204
LOKIASV2_4297_ESMFold_hypothetical_protein	4gfs-assembly1.cif.gz_B	LOKIASV2_4297_ESMFold_hypothetical_protein	4gfs-assembly1.cif.gz_B 1.8 Angstrom Crystal Structure of the 3-Dehydroquinate Dehydratase (aroD) from Salmonella typhimurium LT2 with Nickel Bound at Active Site	0.101	235	196	8	226	15	249	1.912E-07	204
LOKIASV2_4297_ESMFold_hypothetical_protein	1c29-assembly1.cif.gz_A	LOKIASV2_4297_ESMFold_hypothetical_protein	1c29-assembly1.cif.gz_A CRYSTAL STRUCTURE OF THE COMPLEX OF BACTERIAL TRYPTOPHAN SYNTHASE WITH THE TRANSITION STATE ANALOGUE INHIBITOR 4-(2-HYDROXYPHENYLTHIO)-1-BUTENYLPHOSPHONIC ACID	0.128	252	190	3	221	12	263	5.323E-07	204
LOKIASV2_4297_ESMFold_hypothetical_protein	5n9z-assembly1.cif.gz_H	LOKIASV2_4297_ESMFold_hypothetical_protein	5n9z-assembly1.cif.gz_H Rubisco from Thalassiosira hyalina	0.120	262	194	4	224	163	424	8.880E-07	204
LOKIASV2_4297_ESMFold_hypothetical_protein	6ftl-assembly1.cif.gz_A	LOKIASV2_4297_ESMFold_hypothetical_protein	6ftl-assembly1.cif.gz_A Rubisco from Skeletonema marinoi	0.133	260	189	4	222	164	423	7.487E-07	204
LOKIASV2_4297_ESMFold_hypothetical_protein	1v7y-assembly3.cif.gz_A	LOKIASV2_4297_ESMFold_hypothetical_protein	1v7y-assembly3.cif.gz_A Crystal structure of tryptophan synthase alpha-subunit from Escherichia coli at room temperature	0.136	235	188	3	221	12	246	3.014E-07	203
LOKIASV2_4297_ESMFold_hypothetical_protein	1qoq-assembly1.cif.gz_A	LOKIASV2_4297_ESMFold_hypothetical_protein	1qoq-assembly1.cif.gz_A CRYSTAL STRUCTURE OF WILD-TYPE TRYPTOPHAN SYNTHASE COMPLEXED WITH INDOLE GLYCEROL PHOSPHATE	0.140	241	187	3	221	12	252	6.682E-07	203
LOKIASV2_4297_ESMFold_hypothetical_protein	1fuy-assembly1.cif.gz_A-2	LOKIASV2_4297_ESMFold_hypothetical_protein	1fuy-assembly1.cif.gz_A-2 CRYSTAL STRUCTURE OF BETAA169L/BETAC170W DOUBLE MUTANT OF TRYPTOPHAN SYNTHASE COMPLEXED WITH 5-FLUORO-INDOLE-PROPANOL PHOSPHATE	0.142	250	187	3	221	12	261	1.115E-06	203
LOKIASV2_4297_ESMFold_hypothetical_protein	1g4t-assembly1.cif.gz_A	LOKIASV2_4297_ESMFold_hypothetical_protein	1g4t-assembly1.cif.gz_A THIAMIN PHOSPHATE SYNTHASE	0.112	225	190	1	225	9	223	1.053E-06	201
LOKIASV2_4297_ESMFold_hypothetical_protein	5kmy-assembly1.cif.gz_A	LOKIASV2_4297_ESMFold_hypothetical_protein	5kmy-assembly1.cif.gz_A Crystal structure of tryptophan synthase subunit alpha from Legionella pneumophila str. Paris	0.132	244	186	9	223	18	261	7.925E-07	201
LOKIASV2_4297_ESMFold_hypothetical_protein	7m3s-assembly1.cif.gz_A	LOKIASV2_4297_ESMFold_hypothetical_protein	7m3s-assembly1.cif.gz_A The internal aldimine form of the wild-type Salmonella Typhimurium Tryptophan Synthase in complex with N-(4'-trifluoromethoxybenzoyl)-2-amino-1-ethylphosphate (F6F) inhibitor at the alpha-and beta-site, sodium ion at the metal coordination site, and another F6F molecule at the enzyme beta-site at 1.55 Angstrom resolution. One of the beta-Q114 rotamer conformations allows a hydrogen bond to form with the PLP oxygen at the position 3 in the ring	0.141	252	187	3	221	13	264	7.487E-07	201
LOKIASV2_4297_ESMFold_hypothetical_protein	3o1n-assembly1.cif.gz_B	LOKIASV2_4297_ESMFold_hypothetical_protein	3o1n-assembly1.cif.gz_B 1.03 Angstrom Crystal Structure of Q236A Mutant Type I Dehydroquinate Dehydratase (aroD) from Salmonella typhimurium	0.106	232	195	8	226	15	246	2.268E-07	200
LOKIASV2_4297_ESMFold_hypothetical_protein	1rd5-assembly1.cif.gz_A	LOKIASV2_4297_ESMFold_hypothetical_protein	1rd5-assembly1.cif.gz_A Crystal structure of Tryptophan synthase alpha chain homolog BX1: a member of the chemical plant defense system	0.153	249	185	3	221	12	260	2.268E-07	200
LOKIASV2_4297_ESMFold_hypothetical_protein	3o63-assembly2.cif.gz_B-3	LOKIASV2_4297_ESMFold_hypothetical_protein	3o63-assembly2.cif.gz_B-3 Crystal Structure of Thiamin Phosphate Synthase from Mycobacterium tuberculosis	0.172	222	171	1	222	1	208	8.880E-07	199
LOKIASV2_4297_ESMFold_hypothetical_protein	1g4e-assembly2.cif.gz_B	LOKIASV2_4297_ESMFold_hypothetical_protein	1g4e-assembly2.cif.gz_B THIAMIN PHOSPHATE SYNTHASE	0.136	225	179	1	225	10	217	1.399E-06	199
LOKIASV2_4297_ESMFold_hypothetical_protein	1a5a-assembly1.cif.gz_A-2	LOKIASV2_4297_ESMFold_hypothetical_protein	1a5a-assembly1.cif.gz_A-2 CRYO-CRYSTALLOGRAPHY OF A TRUE SUBSTRATE, INDOLE-3-GLYCEROL PHOSPHATE, BOUND TO A MUTANT (ALPHAD60N) TRYPTOPHAN SYNTHASE ALPHA2BETA2 COMPLEX REVEALS THE CORRECT ORIENTATION OF ACTIVE SITE ALPHA GLU 49	0.133	242	189	3	221	12	253	7.925E-07	198
LOKIASV2_4297_ESMFold_hypothetical_protein	3nnt-assembly1.cif.gz_B	LOKIASV2_4297_ESMFold_hypothetical_protein	3nnt-assembly1.cif.gz_B Crystal Structure of K170M Mutant of Type I 3-Dehydroquinate Dehydratase (aroD) from Salmonella typhimurium LT2 in Non-Covalent Complex with Dehydroquinate.	0.114	237	193	8	226	21	257	4.488E-07	198
LOKIASV2_4297_ESMFold_hypothetical_protein	2cli-assembly1.cif.gz_A-2	LOKIASV2_4297_ESMFold_hypothetical_protein	2cli-assembly1.cif.gz_A-2 Tryptophan Synthase in complex with N-(4'- trifluoromethoxybenzenesulfonyl)-2-amino-1-ethylphosphate (F9)	0.129	245	190	3	221	12	256	7.073E-07	198
LOKIASV2_4297_ESMFold_hypothetical_protein	6xh5-assembly1.cif.gz_A	LOKIASV2_4297_ESMFold_hypothetical_protein	6xh5-assembly1.cif.gz_A Hierarchical design of multi-scale protein complexes by combinatorial assembly of oligomeric helical bundle and repeat protein building blocks	0.181	214	156	9	222	155	346	9.949E-07	198
LOKIASV2_4297_ESMFold_hypothetical_protein	1tyg-assembly1.cif.gz_C-2	LOKIASV2_4297_ESMFold_hypothetical_protein	1tyg-assembly1.cif.gz_C-2 Structure of the thiazole synthase/ThiS complex	0.187	220	174	6	225	9	223	3.784E-07	197
LOKIASV2_4297_ESMFold_hypothetical_protein	4wy0-assembly1.cif.gz_F	LOKIASV2_4297_ESMFold_hypothetical_protein	4wy0-assembly1.cif.gz_F PdxS (G. stearothermophilus) co-crystallized with R5P in the presence of ammonia.	0.153	236	186	6	226	1	236	1.180E-06	197
LOKIASV2_4297_ESMFold_hypothetical_protein	4h3d-assembly2.cif.gz_C	LOKIASV2_4297_ESMFold_hypothetical_protein	4h3d-assembly2.cif.gz_C 1.95 Angstrom Crystal Structure of of Type I 3-Dehydroquinate Dehydratase (aroD) from Clostridium difficile with Covalent Modified Comenic Acid.	0.140	235	187	8	226	16	250	9.949E-07	197
LOKIASV2_4297_ESMFold_hypothetical_protein	1vc4-assembly1.cif.gz_A	LOKIASV2_4297_ESMFold_hypothetical_protein	1vc4-assembly1.cif.gz_A Crystal Structure of Indole-3-Glycerol Phosphate Synthase (TrpC) from Thermus Thermophilus At 1.8 A Resolution	0.141	216	184	3	218	39	253	1.481E-06	197
LOKIASV2_4297_ESMFold_hypothetical_protein	5oya-assembly1.cif.gz_E	LOKIASV2_4297_ESMFold_hypothetical_protein	5oya-assembly1.cif.gz_E Unusual posttranslational modifications revealed in crystal structures of diatom Rubisco.	0.123	261	191	4	222	152	412	9.399E-07	197
LOKIASV2_4297_ESMFold_hypothetical_protein	1w0m-assembly2.cif.gz_G	LOKIASV2_4297_ESMFold_hypothetical_protein	1w0m-assembly2.cif.gz_G Triosephosphate isomerase from Thermoproteus tenax	0.126	222	188	6	221	1	222	1.757E-06	195
LOKIASV2_4297_ESMFold_hypothetical_protein	5z9y-assembly2.cif.gz_B	LOKIASV2_4297_ESMFold_hypothetical_protein	5z9y-assembly2.cif.gz_B Crystal structure of Mycobacterium tuberculosis thiazole synthase (ThiG) complexed with DXP	0.132	219	181	6	224	9	217	1.053E-06	195
LOKIASV2_4297_ESMFold_hypothetical_protein	4f0h-assembly1.cif.gz_A	LOKIASV2_4297_ESMFold_hypothetical_protein	4f0h-assembly1.cif.gz_A UNACTIVATED RUBISCO with OXYGEN BOUND	0.121	261	192	6	224	148	408	2.335E-06	195
LOKIASV2_4297_ESMFold_hypothetical_protein	1v7y-assembly3.cif.gz_B-2	LOKIASV2_4297_ESMFold_hypothetical_protein	1v7y-assembly3.cif.gz_B-2 Crystal structure of tryptophan synthase alpha-subunit from Escherichia coli at room temperature	0.138	236	188	3	221	12	247	9.399E-07	194
LOKIASV2_4297_ESMFold_hypothetical_protein	1tjr-assembly1.cif.gz_A	LOKIASV2_4297_ESMFold_hypothetical_protein	1tjr-assembly1.cif.gz_A Crystal structure of wild-type BX1 complexed with a sulfate ion	0.153	249	185	3	221	12	260	4.240E-07	193
LOKIASV2_4297_ESMFold_hypothetical_protein	8e01-assembly1.cif.gz_A	LOKIASV2_4297_ESMFold_hypothetical_protein	8e01-assembly1.cif.gz_A Structure of engineered nano-cage fusion protein	0.198	218	155	9	226	8	201	2.084E-06	192
LOKIASV2_4297_ESMFold_hypothetical_protein	7r7m-assembly1.cif.gz_B	LOKIASV2_4297_ESMFold_hypothetical_protein	7r7m-assembly1.cif.gz_B Crystal structure of Triosephosphate isomerase from Candidate division Katanobacteria (WWE3) bacterium	0.129	214	183	10	220	2	215	1.757E-06	192
LOKIASV2_4297_ESMFold_hypothetical_protein	7jqw-assembly1.cif.gz_A	LOKIASV2_4297_ESMFold_hypothetical_protein	7jqw-assembly1.cif.gz_A The external aldimine crystal structure of Salmonella typhimurium Tryptophan Synthase mutant beta-S377A in complex with cesium ion at the metal coordination site. The single beta-Q114 rotamer conformation allows a hydrogen bond to form with the PLP oxygen at the position 3 in the ring	0.136	240	188	3	221	12	251	1.053E-06	192
LOKIASV2_4297_ESMFold_hypothetical_protein	2tsy-assembly1.cif.gz_A	LOKIASV2_4297_ESMFold_hypothetical_protein	2tsy-assembly1.cif.gz_A CRYSTAL STRUCTURES OF MUTANT (BETAK87T) TRYPTOPHAN SYNTHASE ALPHA2 BETA2 COMPLEX WITH LIGANDS BOUND TO THE ACTIVE SITES OF THE ALPHA AND BETA SUBUNITS REVEAL LIGAND-INDUCED CONFORMATIONAL CHANGES	0.129	242	192	3	224	12	253	5.028E-07	192
LOKIASV2_4297_ESMFold_hypothetical_protein	1iwa-assembly1.cif.gz_A	LOKIASV2_4297_ESMFold_hypothetical_protein	1iwa-assembly1.cif.gz_A RUBISCO FROM GALDIERIA PARTITA	0.121	265	194	4	225	159	423	8.389E-07	192
LOKIASV2_4297_ESMFold_hypothetical_protein	8cwz-assembly1.cif.gz_B	LOKIASV2_4297_ESMFold_hypothetical_protein	8cwz-assembly1.cif.gz_B Accurate computational design of genetically encoded 3D protein crystals	0.177	214	157	9	222	9	200	2.206E-06	191
LOKIASV2_4297_ESMFold_hypothetical_protein	3o16-assembly1.cif.gz_A	LOKIASV2_4297_ESMFold_hypothetical_protein	3o16-assembly1.cif.gz_A Crystal Structure of Bacillus subtilis Thiamin Phosphate Synthase K159A	0.125	217	171	10	226	13	208	1.481E-06	191
LOKIASV2_4297_ESMFold_hypothetical_protein	5l9f-assembly1.cif.gz_A	LOKIASV2_4297_ESMFold_hypothetical_protein	5l9f-assembly1.cif.gz_A S. enterica HisA mutant - D10G, G11D, dup13-15, G44E, G102A	0.130	222	181	10	218	1	222	4.240E-07	191
LOKIASV2_4297_ESMFold_hypothetical_protein	3oex-assembly1.cif.gz_B	LOKIASV2_4297_ESMFold_hypothetical_protein	3oex-assembly1.cif.gz_B Crystal Structure of Type I 3-Dehydroquinate Dehydratase (aroD) from Salmonella typhimurium with close loop conformation.	0.110	238	194	8	226	16	253	7.073E-07	191
LOKIASV2_4297_ESMFold_hypothetical_protein	2iss-assembly1.cif.gz_B	LOKIASV2_4297_ESMFold_hypothetical_protein	2iss-assembly1.cif.gz_B Structure of the PLP synthase Holoenzyme from Thermotoga maritima	0.181	243	179	8	226	24	266	5.028E-07	191
LOKIASV2_4297_ESMFold_hypothetical_protein	1wa3-assembly2.cif.gz_F	LOKIASV2_4297_ESMFold_hypothetical_protein	1wa3-assembly2.cif.gz_F Mechanism of the Class I KDPG aldolase	0.186	218	157	9	226	8	201	1.399E-06	190
LOKIASV2_4297_ESMFold_hypothetical_protein	4u9p-assembly1.cif.gz_A	LOKIASV2_4297_ESMFold_hypothetical_protein	4u9p-assembly1.cif.gz_A Structure of the methanofuran/methanopterin biosynthetic enzyme MJ1099 from Methanocaldococcus jannaschii	0.150	225	179	10	221	3	227	5.176E-06	190
LOKIASV2_4297_ESMFold_hypothetical_protein	1xc4-assembly1.cif.gz_A	LOKIASV2_4297_ESMFold_hypothetical_protein	1xc4-assembly1.cif.gz_A Crystal structure of wild-type tryptophan synthase alpha-subunits from Escherichia coli	0.145	224	190	3	225	12	235	4.750E-07	190
LOKIASV2_4297_ESMFold_hypothetical_protein	4wy0-assembly1.cif.gz_K	LOKIASV2_4297_ESMFold_hypothetical_protein	4wy0-assembly1.cif.gz_K PdxS (G. stearothermophilus) co-crystallized with R5P in the presence of ammonia.	0.147	233	186	8	226	4	236	2.616E-06	190
LOKIASV2_4297_ESMFold_hypothetical_protein	3l2i-assembly1.cif.gz_B	LOKIASV2_4297_ESMFold_hypothetical_protein	3l2i-assembly1.cif.gz_B 1.85 Angstrom Crystal Structure of the 3-Dehydroquinate Dehydratase (aroD) from Salmonella typhimurium LT2.	0.111	231	194	8	226	23	253	7.925E-07	190
LOKIASV2_4297_ESMFold_hypothetical_protein	1tjr-assembly2.cif.gz_B	LOKIASV2_4297_ESMFold_hypothetical_protein	1tjr-assembly2.cif.gz_B Crystal structure of wild-type BX1 complexed with a sulfate ion	0.163	242	182	3	220	12	253	1.322E-06	190
LOKIASV2_4297_ESMFold_hypothetical_protein	1wq5-assembly1.cif.gz_A	LOKIASV2_4297_ESMFold_hypothetical_protein	1wq5-assembly1.cif.gz_A Crystal structure of tryptophan synthase alpha-subunit from Escherichia coli	0.137	245	188	3	221	12	256	1.249E-06	190
LOKIASV2_4297_ESMFold_hypothetical_protein	4wy0-assembly1.cif.gz_B	LOKIASV2_4297_ESMFold_hypothetical_protein	4wy0-assembly1.cif.gz_B PdxS (G. stearothermophilus) co-crystallized with R5P in the presence of ammonia.	0.150	237	186	7	226	12	248	2.931E-06	190
LOKIASV2_4297_ESMFold_hypothetical_protein	3qv9-assembly1.cif.gz_B-2	LOKIASV2_4297_ESMFold_hypothetical_protein	3qv9-assembly1.cif.gz_B-2 Crystal structure of Trypanosoma cruzi pyruvate kinase(TcPYK)in complex with ponceau S.	0.137	239	187	8	225	21	259	1.399E-06	190
LOKIASV2_4297_ESMFold_hypothetical_protein	3srk-assembly1.cif.gz_B-2	LOKIASV2_4297_ESMFold_hypothetical_protein	3srk-assembly1.cif.gz_B-2 A new class of suicide inhibitor blocks nucleotide binding to pyruvate kinase	0.127	248	189	5	222	18	265	6.682E-07	189
LOKIASV2_4297_ESMFold_hypothetical_protein	5bvl-assembly1.cif.gz_A	LOKIASV2_4297_ESMFold_hypothetical_protein	5bvl-assembly1.cif.gz_A Crystal structure of a de novo designed TIM-barrel	0.188	191	129	9	199	17	176	3.476E-06	188
LOKIASV2_4297_ESMFold_hypothetical_protein	3ru6-assembly1.cif.gz_D	LOKIASV2_4297_ESMFold_hypothetical_protein	3ru6-assembly1.cif.gz_D 1.8 Angstrom resolution crystal structure of orotidine 5'-phosphate decarboxylase (pyrF) from Campylobacter jejuni subsp. jejuni NCTC 11168	0.141	215	180	10	219	2	216	2.143E-07	188
LOKIASV2_4297_ESMFold_hypothetical_protein	5k2z-assembly1.cif.gz_D	LOKIASV2_4297_ESMFold_hypothetical_protein	5k2z-assembly1.cif.gz_D PDX1.3-adduct (Arabidopsis)	0.127	243	190	8	226	15	257	1.115E-06	188
LOKIASV2_4297_ESMFold_hypothetical_protein	7yk5-assembly1.cif.gz_A	LOKIASV2_4297_ESMFold_hypothetical_protein	7yk5-assembly1.cif.gz_A Rubisco from Phaeodactylum tricornutum bound to PYCO1(452-592)	0.129	258	188	6	222	165	422	1.399E-06	188
LOKIASV2_4297_ESMFold_hypothetical_protein	1g4p-assembly1.cif.gz_A	LOKIASV2_4297_ESMFold_hypothetical_protein	1g4p-assembly1.cif.gz_A THIAMIN PHOSPHATE SYNTHASE	0.128	223	179	3	225	12	217	2.769E-06	187
LOKIASV2_4297_ESMFold_hypothetical_protein	1g67-assembly1.cif.gz_A	LOKIASV2_4297_ESMFold_hypothetical_protein	1g67-assembly1.cif.gz_A THIAMIN PHOSPHATE SYNTHASE	0.105	223	189	3	225	11	222	4.364E-06	187
LOKIASV2_4297_ESMFold_hypothetical_protein	3tha-assembly1.cif.gz_A	LOKIASV2_4297_ESMFold_hypothetical_protein	3tha-assembly1.cif.gz_A Tryptophan synthase subunit alpha from Campylobacter jejuni.	0.174	245	178	1	217	3	247	2.471E-06	187
LOKIASV2_4297_ESMFold_hypothetical_protein	1a5s-assembly1.cif.gz_A-2	LOKIASV2_4297_ESMFold_hypothetical_protein	1a5s-assembly1.cif.gz_A-2 CRYSTAL STRUCTURE OF WILD-TYPE TRYPTOPHAN SYNTHASE COMPLEXED WITH 5-FLUOROINDOLE PROPANOL PHOSPHATE AND L-SER BOUND AS AMINO ACRYLATE TO THE BETA SITE	0.128	240	193	3	224	11	250	6.682E-07	187
LOKIASV2_4297_ESMFold_hypothetical_protein	3nav-assembly1.cif.gz_B	LOKIASV2_4297_ESMFold_hypothetical_protein	3nav-assembly1.cif.gz_B Crystal structure of an alpha subunit of tryptophan synthase from Vibrio cholerae O1 biovar El Tor str. N16961	0.124	246	195	3	226	13	258	9.399E-07	187
LOKIASV2_4297_ESMFold_hypothetical_protein	7lb5-assembly1.cif.gz_A	LOKIASV2_4297_ESMFold_hypothetical_protein	7lb5-assembly1.cif.gz_A Pyridoxal 5'-phosphate synthase-like subunit PDX1.2 (Arabidopsis thaliana)	0.136	240	188	8	226	13	252	4.620E-06	186
LOKIASV2_4297_ESMFold_hypothetical_protein	8hgf-assembly2.cif.gz_C-3	LOKIASV2_4297_ESMFold_hypothetical_protein	8hgf-assembly2.cif.gz_C-3 Human PKM2 mutant - C326S	0.131	245	187	6	221	19	263	5.634E-07	186
LOKIASV2_4297_ESMFold_hypothetical_protein	4wy0-assembly1.cif.gz_I	LOKIASV2_4297_ESMFold_hypothetical_protein	4wy0-assembly1.cif.gz_I PdxS (G. stearothermophilus) co-crystallized with R5P in the presence of ammonia.	0.151	234	185	8	226	3	236	4.123E-06	185
LOKIASV2_4297_ESMFold_hypothetical_protein	3js3-assembly1.cif.gz_A	LOKIASV2_4297_ESMFold_hypothetical_protein	3js3-assembly1.cif.gz_A Crystal structure of type I 3-dehydroquinate dehydratase (aroD) from Clostridium difficile with covalent reaction intermediate	0.152	239	186	7	226	15	253	1.568E-06	185
LOKIASV2_4297_ESMFold_hypothetical_protein	1k8z-assembly1.cif.gz_A-2	LOKIASV2_4297_ESMFold_hypothetical_protein	1k8z-assembly1.cif.gz_A-2 CRYSTAL STRUCTURE OF THE TRYPTOPHAN SYNTHASE BETA-SER178PRO MUTANT COMPLEXED WITH N-[1H-INDOL-3-YL-ACETYL]GLYCINE ACID	0.136	237	191	3	224	12	248	5.323E-07	185
LOKIASV2_4297_ESMFold_hypothetical_protein	3q94-assembly1.cif.gz_A	LOKIASV2_4297_ESMFold_hypothetical_protein	3q94-assembly1.cif.gz_A The crystal structure of fructose 1,6-bisphosphate aldolase from Bacillus anthracis str. 'Ames Ancestor'	0.145	255	190	3	225	15	269	5.028E-07	185
LOKIASV2_4297_ESMFold_hypothetical_protein	1p0k-assembly1.cif.gz_A	LOKIASV2_4297_ESMFold_hypothetical_protein	1p0k-assembly1.cif.gz_A IPP:DMAPP isomerase type II apo structure	0.141	228	186	9	225	37	264	1.024E-05	185
LOKIASV2_4297_ESMFold_hypothetical_protein	6nn5-assembly1.cif.gz_D	LOKIASV2_4297_ESMFold_hypothetical_protein	6nn5-assembly1.cif.gz_D The structure of human liver pyruvate kinase, hLPYK-W527H	0.117	244	193	6	225	32	275	3.680E-06	185
LOKIASV2_4297_ESMFold_hypothetical_protein	7osu-assembly1.cif.gz_A	LOKIASV2_4297_ESMFold_hypothetical_protein	7osu-assembly1.cif.gz_A sTIM11noCys-SB, a de novo designed TIM barrel with a salt-bridge cluster (crystal form 1)	0.190	199	134	3	201	16	182	4.123E-06	184
LOKIASV2_4297_ESMFold_hypothetical_protein	2h6r-assembly1.cif.gz_B	LOKIASV2_4297_ESMFold_hypothetical_protein	2h6r-assembly1.cif.gz_B Crystal Structure of triosephosphate isomerase (TIM) from Methanocaldococcus jannaschii	0.157	209	174	10	218	2	208	6.498E-06	184
LOKIASV2_4297_ESMFold_hypothetical_protein	1ujp-assembly1.cif.gz_A	LOKIASV2_4297_ESMFold_hypothetical_protein	1ujp-assembly1.cif.gz_A Crystal Structure of Tryptophan Synthase A-Subunit From Thermus thermophilus HB8	0.141	227	187	3	221	11	237	1.969E-06	184
LOKIASV2_4297_ESMFold_hypothetical_protein	4wy0-assembly1.cif.gz_J	LOKIASV2_4297_ESMFold_hypothetical_protein	4wy0-assembly1.cif.gz_J PdxS (G. stearothermophilus) co-crystallized with R5P in the presence of ammonia.	0.142	233	188	7	226	1	233	3.895E-06	184
LOKIASV2_4297_ESMFold_hypothetical_protein	4guf-assembly1.cif.gz_A	LOKIASV2_4297_ESMFold_hypothetical_protein	4guf-assembly1.cif.gz_A 1.5 Angstrom Crystal Structure of the Salmonella enterica 3-Dehydroquinate Dehydratase (aroD) E86A Mutant	0.107	229	195	8	226	24	252	1.860E-06	184
LOKIASV2_4297_ESMFold_hypothetical_protein	4guf-assembly1.cif.gz_B	LOKIASV2_4297_ESMFold_hypothetical_protein	4guf-assembly1.cif.gz_B 1.5 Angstrom Crystal Structure of the Salmonella enterica 3-Dehydroquinate Dehydratase (aroD) E86A Mutant	0.107	231	195	8	226	24	254	1.660E-06	184
LOKIASV2_4297_ESMFold_hypothetical_protein	7lgx-assembly1.cif.gz_A-2	LOKIASV2_4297_ESMFold_hypothetical_protein	7lgx-assembly1.cif.gz_A-2 The aminoacrylate form of mutant beta-K167T Salmonella typhimurium Tryptophan Synthase in complex with with inhibitor N-(4'-trifluoromethoxybenzenesulfonyl)-2-amino-1-ethylphosphate (F9F) at the enzyme alpha-site, benzimidazole (BZI) at the enzyme beta site and cesium ion at the metal coordination site at 1.80 Angstrom resolution	0.139	242	192	3	226	12	253	1.399E-06	184
LOKIASV2_4297_ESMFold_hypothetical_protein	5sch-assembly1.cif.gz_A	LOKIASV2_4297_ESMFold_hypothetical_protein	5sch-assembly1.cif.gz_A Structure of liver pyruvate kinase in complex with anthraquinone derivative 100	0.108	244	195	6	225	29	272	4.890E-06	184
LOKIASV2_4297_ESMFold_hypothetical_protein	1r2r-assembly2.cif.gz_D	LOKIASV2_4297_ESMFold_hypothetical_protein	1r2r-assembly2.cif.gz_D CRYSTAL STRUCTURE OF RABBIT MUSCLE TRIOSEPHOSPHATE ISOMERASE	0.108	239	184	10	216	7	245	5.799E-06	183
LOKIASV2_4297_ESMFold_hypothetical_protein	1wdw-assembly2.cif.gz_E	LOKIASV2_4297_ESMFold_hypothetical_protein	1wdw-assembly2.cif.gz_E Structural basis of mutual activation of the tryptophan synthase a2b2 complex from a hyperthermophile, Pyrococcus furiosus	0.139	246	183	6	219	2	247	4.890E-06	183
LOKIASV2_4297_ESMFold_hypothetical_protein	4h3d-assembly2.cif.gz_D	LOKIASV2_4297_ESMFold_hypothetical_protein	4h3d-assembly2.cif.gz_D 1.95 Angstrom Crystal Structure of of Type I 3-Dehydroquinate Dehydratase (aroD) from Clostridium difficile with Covalent Modified Comenic Acid.	0.136	236	188	7	225	16	251	2.471E-06	183
LOKIASV2_4297_ESMFold_hypothetical_protein	4guh-assembly1.cif.gz_A	LOKIASV2_4297_ESMFold_hypothetical_protein	4guh-assembly1.cif.gz_A 1.95 Angstrom Crystal Structure of the Salmonella enterica 3-Dehydroquinate Dehydratase (aroD) E86A Mutant in Complex with Dehydroshikimate (Crystal Form #2)	0.117	237	192	8	226	23	259	1.660E-06	183
LOKIASV2_4297_ESMFold_hypothetical_protein	3qv7-assembly1.cif.gz_C	LOKIASV2_4297_ESMFold_hypothetical_protein	3qv7-assembly1.cif.gz_C Crystal structure of Leishmania mexicana pyruvate kinase(LmPYK)in complex with ponceau S and acid blue 25.	0.117	235	190	5	220	17	251	5.028E-07	183
LOKIASV2_4297_ESMFold_hypothetical_protein	4qg9-assembly1.cif.gz_D	LOKIASV2_4297_ESMFold_hypothetical_protein	4qg9-assembly1.cif.gz_D crystal structure of PKM2-R399E mutant	0.128	244	191	6	225	18	261	8.880E-07	183
LOKIASV2_4297_ESMFold_hypothetical_protein	6p6f-assembly1.cif.gz_A	LOKIASV2_4297_ESMFold_hypothetical_protein	6p6f-assembly1.cif.gz_A BG505 SOSIP-I53-50NP	0.184	217	156	9	225	8	199	3.103E-06	182
LOKIASV2_4297_ESMFold_hypothetical_protein	5g4e-assembly2.cif.gz_B	LOKIASV2_4297_ESMFold_hypothetical_protein	5g4e-assembly2.cif.gz_B S. enterica HisA mutant D10G, Dup13-15, Q24L, G102A, V106L	0.138	213	176	10	222	1	205	7.281E-06	182
LOKIASV2_4297_ESMFold_hypothetical_protein	8b05-assembly1.cif.gz_A	LOKIASV2_4297_ESMFold_hypothetical_protein	8b05-assembly1.cif.gz_A TRYPTOPHAN SYNTHASE - Cryo-trapping by the spitrobot crystal plunger after 20 sec	0.134	243	189	3	221	12	254	3.680E-06	182
LOKIASV2_4297_ESMFold_hypothetical_protein	1gvf-assembly1.cif.gz_A-2	LOKIASV2_4297_ESMFold_hypothetical_protein	1gvf-assembly1.cif.gz_A-2 Structure of tagatose-1,6-bisphosphate aldolase	0.132	240	188	8	225	17	256	2.143E-07	182
LOKIASV2_4297_ESMFold_hypothetical_protein	4lrs-assembly1.cif.gz_A	LOKIASV2_4297_ESMFold_hypothetical_protein	4lrs-assembly1.cif.gz_A Crystal and solution structures of the bifunctional enzyme (Aldolase/Aldehyde dehydrogenase) from Thermomonospora curvata, reveal a cofactor-binding domain motion during NAD+ and CoA accommodation whithin the shared cofactor-binding site	0.141	260	186	8	224	3	262	1.969E-06	182
LOKIASV2_4297_ESMFold_hypothetical_protein	1xcf-assembly1.cif.gz_B	LOKIASV2_4297_ESMFold_hypothetical_protein	1xcf-assembly1.cif.gz_B Crystal structure of P28L/Y173F tryptophan synthase alpha-subunits from Escherichia coli	0.129	226	194	3	226	13	238	1.969E-06	181
LOKIASV2_4297_ESMFold_hypothetical_protein	1wdw-assembly3.cif.gz_I	LOKIASV2_4297_ESMFold_hypothetical_protein	1wdw-assembly3.cif.gz_I Structural basis of mutual activation of the tryptophan synthase a2b2 complex from a hyperthermophile, Pyrococcus furiosus	0.144	242	182	6	219	2	243	5.479E-06	181
LOKIASV2_4297_ESMFold_hypothetical_protein	4wy0-assembly1.cif.gz_H	LOKIASV2_4297_ESMFold_hypothetical_protein	4wy0-assembly1.cif.gz_H PdxS (G. stearothermophilus) co-crystallized with R5P in the presence of ammonia.	0.141	235	189	6	226	2	236	6.498E-06	181
LOKIASV2_4297_ESMFold_hypothetical_protein	4adu-assembly1.cif.gz_A	LOKIASV2_4297_ESMFold_hypothetical_protein	4adu-assembly1.cif.gz_A Crystal structure of plasmodial PLP synthase with bound R5P intermediate	0.154	243	184	8	226	15	257	3.284E-06	181
LOKIASV2_4297_ESMFold_hypothetical_protein	8bdb-assembly1.cif.gz_A	LOKIASV2_4297_ESMFold_hypothetical_protein	8bdb-assembly1.cif.gz_A Ribulose-1,5-bisphosphate carboxylase/oxygenase from Griffithsia monilis	0.138	261	188	4	222	165	425	4.123E-06	181
LOKIASV2_4297_ESMFold_hypothetical_protein	2htm-assembly3.cif.gz_C	LOKIASV2_4297_ESMFold_hypothetical_protein	2htm-assembly3.cif.gz_C Crystal structure of TTHA0676 from Thermus thermophilus HB8	0.132	221	190	6	225	11	231	8.635E-06	180
LOKIASV2_4297_ESMFold_hypothetical_protein	4rc1-assembly1.cif.gz_D	LOKIASV2_4297_ESMFold_hypothetical_protein	4rc1-assembly1.cif.gz_D Structure of the methanofuran/methanopterin biosynthetic enzyme MJ1099 from Methanocaldococcus jannaschii with PRPP	0.158	237	178	6	217	5	241	9.675E-06	180
LOKIASV2_4297_ESMFold_hypothetical_protein	1gqn-assembly1.cif.gz_A	LOKIASV2_4297_ESMFold_hypothetical_protein	1gqn-assembly1.cif.gz_A Native 3-dehydroquinase from Salmonella typhi	0.105	239	196	7	226	14	252	1.322E-06	180
LOKIASV2_4297_ESMFold_hypothetical_protein	8io2-assembly1.cif.gz_E	LOKIASV2_4297_ESMFold_hypothetical_protein	8io2-assembly1.cif.gz_E The Rubisco assembly intermidate of Arabidopsis thaliana Rubisco accumulation factor 1 (AtRaf1) and Rubisco large subunit (RbcL)	0.122	254	193	4	224	133	386	3.476E-06	180
LOKIASV2_4297_ESMFold_hypothetical_protein	6v75-assembly1.cif.gz_D-2	LOKIASV2_4297_ESMFold_hypothetical_protein	6v75-assembly1.cif.gz_D-2 Crystal Structure of Human PKM2 in Complex with L-aspartate	0.123	257	192	5	224	27	283	1.249E-06	180
LOKIASV2_4297_ESMFold_hypothetical_protein	1bxn-assembly1.cif.gz_A	LOKIASV2_4297_ESMFold_hypothetical_protein	1bxn-assembly1.cif.gz_A THE CRYSTAL STRUCTURE OF RUBISCO FROM ALCALIGENES EUTROPHUS TO 2.7 ANGSTROMS.	0.117	262	192	4	222	144	405	6.498E-06	180
LOKIASV2_4297_ESMFold_hypothetical_protein	5e0k-assembly3.cif.gz_I	LOKIASV2_4297_ESMFold_hypothetical_protein	5e0k-assembly3.cif.gz_I X-ray crystal structure of tryptophan synthase complex from Pyrococcus furiosus at 2.76 A	0.142	236	188	6	225	2	237	1.969E-06	179
LOKIASV2_4297_ESMFold_hypothetical_protein	4gug-assembly1.cif.gz_B	LOKIASV2_4297_ESMFold_hypothetical_protein	4gug-assembly1.cif.gz_B 1.62 Angstrom Crystal Structure of the Salmonella enterica 3-Dehydroquinate Dehydratase (aroD) E86A Mutant in Complex with Dehydroshikimate (Crystal Form #1)	0.111	233	194	8	226	13	245	2.471E-06	179
LOKIASV2_4297_ESMFold_hypothetical_protein	3nav-assembly1.cif.gz_A	LOKIASV2_4297_ESMFold_hypothetical_protein	3nav-assembly1.cif.gz_A Crystal structure of an alpha subunit of tryptophan synthase from Vibrio cholerae O1 biovar El Tor str. N16961	0.121	247	192	3	221	13	259	1.969E-06	179
LOKIASV2_4297_ESMFold_hypothetical_protein	3qv7-assembly1.cif.gz_B	LOKIASV2_4297_ESMFold_hypothetical_protein	3qv7-assembly1.cif.gz_B Crystal structure of Leishmania mexicana pyruvate kinase(LmPYK)in complex with ponceau S and acid blue 25.	0.110	234	196	5	225	17	250	6.682E-07	179
LOKIASV2_4297_ESMFold_hypothetical_protein	1wdw-assembly1.cif.gz_C	LOKIASV2_4297_ESMFold_hypothetical_protein	1wdw-assembly1.cif.gz_C Structural basis of mutual activation of the tryptophan synthase a2b2 complex from a hyperthermophile, Pyrococcus furiosus	0.140	239	183	6	219	2	240	6.878E-06	178
LOKIASV2_4297_ESMFold_hypothetical_protein	2qcc-assembly1.cif.gz_A	LOKIASV2_4297_ESMFold_hypothetical_protein	2qcc-assembly1.cif.gz_A Crystal structure of the orotidine-5'-monophosphate decarboxylase domain of human UMP synthase, apo form	0.161	222	181	3	224	25	241	4.620E-06	178
LOKIASV2_4297_ESMFold_hypothetical_protein	3o1n-assembly1.cif.gz_A	LOKIASV2_4297_ESMFold_hypothetical_protein	3o1n-assembly1.cif.gz_A 1.03 Angstrom Crystal Structure of Q236A Mutant Type I Dehydroquinate Dehydratase (aroD) from Salmonella typhimurium	0.113	238	193	8	226	15	252	1.860E-06	178
LOKIASV2_4297_ESMFold_hypothetical_protein	1gvf-assembly1.cif.gz_B-2	LOKIASV2_4297_ESMFold_hypothetical_protein	1gvf-assembly1.cif.gz_B-2 Structure of tagatose-1,6-bisphosphate aldolase	0.138	243	187	8	225	17	259	9.399E-07	178
LOKIASV2_4297_ESMFold_hypothetical_protein	3q94-assembly1.cif.gz_B	LOKIASV2_4297_ESMFold_hypothetical_protein	3q94-assembly1.cif.gz_B The crystal structure of fructose 1,6-bisphosphate aldolase from Bacillus anthracis str. 'Ames Ancestor'	0.120	247	195	3	225	15	261	5.634E-07	178
LOKIASV2_4297_ESMFold_hypothetical_protein	2zvi-assembly2.cif.gz_D	LOKIASV2_4297_ESMFold_hypothetical_protein	2zvi-assembly2.cif.gz_D Crystal structure of 2,3-diketo-5-methylthiopentyl-1-phosphate enolase from Bacillus subtilis	0.145	246	186	6	224	115	360	3.680E-06	178
LOKIASV2_4297_ESMFold_hypothetical_protein	4qg8-assembly1.cif.gz_D	LOKIASV2_4297_ESMFold_hypothetical_protein	4qg8-assembly1.cif.gz_D crystal structure of PKM2-K305Q mutant	0.127	243	191	6	225	19	261	5.176E-06	178
LOKIASV2_4297_ESMFold_hypothetical_protein	5nv3-assembly1.cif.gz_B	LOKIASV2_4297_ESMFold_hypothetical_protein	5nv3-assembly1.cif.gz_B Structure of Rubisco from Rhodobacter sphaeroides in complex with CABP	0.115	262	193	4	222	153	414	6.878E-06	178
LOKIASV2_4297_ESMFold_hypothetical_protein	8di1-assembly1.cif.gz_A	LOKIASV2_4297_ESMFold_hypothetical_protein	8di1-assembly1.cif.gz_A Bfo2294: Tannerella forsythia 2-Keto-3-deoxy-6-phosphogluconate aldolase (KDPG) and 4-Hydroxy-2-oxoglutarate aldolase (KHG)	0.147	214	169	9	222	16	214	4.123E-06	177
LOKIASV2_4297_ESMFold_hypothetical_protein	1wdw-assembly3.cif.gz_K	LOKIASV2_4297_ESMFold_hypothetical_protein	1wdw-assembly3.cif.gz_K Structural basis of mutual activation of the tryptophan synthase a2b2 complex from a hyperthermophile, Pyrococcus furiosus	0.148	232	181	6	219	2	233	4.364E-06	177
LOKIASV2_4297_ESMFold_hypothetical_protein	5e0k-assembly3.cif.gz_K	LOKIASV2_4297_ESMFold_hypothetical_protein	5e0k-assembly3.cif.gz_K X-ray crystal structure of tryptophan synthase complex from Pyrococcus furiosus at 2.76 A	0.133	230	187	9	225	6	235	2.769E-06	177
LOKIASV2_4297_ESMFold_hypothetical_protein	2ekc-assembly1.cif.gz_A	LOKIASV2_4297_ESMFold_hypothetical_protein	2ekc-assembly1.cif.gz_A Structural study of Project ID aq_1548 from Aquifex aeolicus VF5	0.127	238	194	3	225	12	249	7.925E-07	177
LOKIASV2_4297_ESMFold_hypothetical_protein	3t55-assembly1.cif.gz_A	LOKIASV2_4297_ESMFold_hypothetical_protein	3t55-assembly1.cif.gz_A Crystal structure of Mycobacterium tuberculosis Indole Glycerol Phosphate Synthase (IGPS) in complex with Phenoxymethyl Benzoic Acid (PMBA)	0.118	218	191	3	220	41	257	2.026E-05	177
LOKIASV2_4297_ESMFold_hypothetical_protein	6tth-assembly1.cif.gz_A	LOKIASV2_4297_ESMFold_hypothetical_protein	6tth-assembly1.cif.gz_A PKM2 in complex with L-threonine	0.125	246	193	5	225	20	265	8.158E-06	177
LOKIASV2_4297_ESMFold_hypothetical_protein	5l9f-assembly2.cif.gz_B	LOKIASV2_4297_ESMFold_hypothetical_protein	5l9f-assembly2.cif.gz_B S. enterica HisA mutant - D10G, G11D, dup13-15, G44E, G102A	0.134	218	180	10	218	1	218	1.568E-06	176
LOKIASV2_4297_ESMFold_hypothetical_protein	4wy0-assembly1.cif.gz_E	LOKIASV2_4297_ESMFold_hypothetical_protein	4wy0-assembly1.cif.gz_E PdxS (G. stearothermophilus) co-crystallized with R5P in the presence of ammonia.	0.146	234	187	7	226	3	236	7.707E-06	176
LOKIASV2_4297_ESMFold_hypothetical_protein	1a5b-assembly1.cif.gz_A-2	LOKIASV2_4297_ESMFold_hypothetical_protein	1a5b-assembly1.cif.gz_A-2 CRYO-CRYSTALLOGRAPHY OF A TRUE SUBSTRATE, INDOLE-3-GLYCEROL PHOSPHATE, BOUND TO A MUTANT (ALPHA D60N) TRYPTOPHAN SYNTHASE ALPHA2BETA2 COMPLEX REVEALS THE CORRECT ORIENTATION OF ACTIVE SITE ALPHA GLU 49	0.129	236	190	3	221	12	247	7.281E-06	176
LOKIASV2_4297_ESMFold_hypothetical_protein	3lb0-assembly1.cif.gz_B	LOKIASV2_4297_ESMFold_hypothetical_protein	3lb0-assembly1.cif.gz_B Crystal Structure of the 3-Dehydroquinate Dehydratase (aroD) from Salmonella typhimurium LT2 with Citrate Bound to the Active Site.	0.111	229	194	8	226	23	251	3.895E-06	176
LOKIASV2_4297_ESMFold_hypothetical_protein	6oso-assembly1.cif.gz_A-2	LOKIASV2_4297_ESMFold_hypothetical_protein	6oso-assembly1.cif.gz_A-2 The crystal structure of the isolate tryptophan synthase alpha-chain from Salmonella enterica serovar typhimurium at 1.75 Angstrom resolution	0.135	244	189	3	221	13	256	3.284E-06	176
LOKIASV2_4297_ESMFold_hypothetical_protein	7nhe-assembly1.cif.gz_B	LOKIASV2_4297_ESMFold_hypothetical_protein	7nhe-assembly1.cif.gz_B Crystal structure of Arabidopsis thaliana Pdx1K166R-I333 complex	0.130	243	190	8	226	14	256	7.281E-06	176
LOKIASV2_4297_ESMFold_hypothetical_protein	2h6r-assembly2.cif.gz_G	LOKIASV2_4297_ESMFold_hypothetical_protein	2h6r-assembly2.cif.gz_G Crystal Structure of triosephosphate isomerase (TIM) from Methanocaldococcus jannaschii	0.165	208	164	10	217	2	198	6.878E-06	175
LOKIASV2_4297_ESMFold_hypothetical_protein	4cno-assembly1.cif.gz_C	LOKIASV2_4297_ESMFold_hypothetical_protein	4cno-assembly1.cif.gz_C Structure of the Salmonella typhi Type I dehydroquinase inhibited by a 3-dehydroquinic acid derivative	0.101	235	197	7	226	14	248	1.757E-06	175
LOKIASV2_4297_ESMFold_hypothetical_protein	2zvi-assembly2.cif.gz_C	LOKIASV2_4297_ESMFold_hypothetical_protein	2zvi-assembly2.cif.gz_C Crystal structure of 2,3-diketo-5-methylthiopentyl-1-phosphate enolase from Bacillus subtilis	0.179	244	177	6	222	116	359	8.635E-06	175
LOKIASV2_4297_ESMFold_hypothetical_protein	8iol-assembly1.cif.gz_A	LOKIASV2_4297_ESMFold_hypothetical_protein	8iol-assembly1.cif.gz_A The complex of Rubisco large subunit (RbcL)	0.121	267	194	4	225	141	407	3.103E-06	175
LOKIASV2_4297_ESMFold_hypothetical_protein	8bdb-assembly1.cif.gz_M	LOKIASV2_4297_ESMFold_hypothetical_protein	8bdb-assembly1.cif.gz_M Ribulose-1,5-bisphosphate carboxylase/oxygenase from Griffithsia monilis	0.119	261	192	4	222	164	424	6.139E-06	175
LOKIASV2_4297_ESMFold_hypothetical_protein	8cus-assembly1.cif.gz_B	LOKIASV2_4297_ESMFold_hypothetical_protein	8cus-assembly1.cif.gz_B Accurate computational design of genetically encoded 3D protein crystals	0.194	212	150	9	220	9	195	7.281E-06	174
LOKIASV2_4297_ESMFold_hypothetical_protein	7b3y-assembly1.cif.gz_B-9	LOKIASV2_4297_ESMFold_hypothetical_protein	7b3y-assembly1.cif.gz_B-9 Structure of a nanoparticle for a COVID-19 vaccine candidate	0.197	218	155	9	226	9	202	4.364E-06	174
LOKIASV2_4297_ESMFold_hypothetical_protein	7ot8-assembly2.cif.gz_B	LOKIASV2_4297_ESMFold_hypothetical_protein	7ot8-assembly2.cif.gz_B DeNovoTIM6-SB, a de novo designed TIM barrel with a salt-bridge cluster (crystal form 2)	0.182	194	132	8	201	12	173	6.498E-06	173
LOKIASV2_4297_ESMFold_hypothetical_protein	5wrp-assembly1.cif.gz_C	LOKIASV2_4297_ESMFold_hypothetical_protein	5wrp-assembly1.cif.gz_C T-state crystal structure of pyruvate kinase from Mycobacterium tuberculosis	0.153	238	184	8	225	3	240	1.441E-05	173
LOKIASV2_4297_ESMFold_hypothetical_protein	8q57-assembly1.cif.gz_A	LOKIASV2_4297_ESMFold_hypothetical_protein	8q57-assembly1.cif.gz_A Crystal structure of class II SFP aldolase from Yersinia aldovae (YaSqiA-Zn-SO4) with bound sulfate ions	0.121	252	195	3	225	15	266	4.620E-06	172
LOKIASV2_4297_ESMFold_hypothetical_protein	6k0k-assembly2.cif.gz_D	LOKIASV2_4297_ESMFold_hypothetical_protein	6k0k-assembly2.cif.gz_D Crystal structure of Escherichia coli pyruvate kinase II	0.133	256	191	6	226	4	259	6.878E-06	172
LOKIASV2_4297_ESMFold_hypothetical_protein	8tbu-assembly2.cif.gz_E	LOKIASV2_4297_ESMFold_hypothetical_protein	8tbu-assembly2.cif.gz_E Structure of human erythrocyte pyruvate kinase in complex with an allosteric activator Compound 12	0.107	251	196	5	225	34	284	1.084E-05	172
LOKIASV2_4297_ESMFold_hypothetical_protein	7ot7-assembly1.cif.gz_A	LOKIASV2_4297_ESMFold_hypothetical_protein	7ot7-assembly1.cif.gz_A sTIM11noCys-SB, a de novo designed TIM barrel with a salt-bridge cluster (crystal form 2)	0.161	195	138	7	201	17	182	2.026E-05	171
LOKIASV2_4297_ESMFold_hypothetical_protein	1g4p-assembly2.cif.gz_B	LOKIASV2_4297_ESMFold_hypothetical_protein	1g4p-assembly2.cif.gz_B THIAMIN PHOSPHATE SYNTHASE	0.148	216	169	10	225	18	216	7.707E-06	171
LOKIASV2_4297_ESMFold_hypothetical_protein	2dzp-assembly1.cif.gz_A	LOKIASV2_4297_ESMFold_hypothetical_protein	2dzp-assembly1.cif.gz_A Structure of mutant tryptophan synthase alpha-subunit (D17N) from a hyperthermophile, Pyrococcus furiosus	0.141	238	186	6	222	2	239	5.799E-06	171
LOKIASV2_4297_ESMFold_hypothetical_protein	2e09-assembly1.cif.gz_A	LOKIASV2_4297_ESMFold_hypothetical_protein	2e09-assembly1.cif.gz_A Structure of mutant tryptophan synthase alpha-subunit (E74A) from a hyperthermophile, Pyrococcus furiosus	0.152	238	186	6	225	2	239	4.123E-06	171
LOKIASV2_4297_ESMFold_hypothetical_protein	8b06-assembly1.cif.gz_A	LOKIASV2_4297_ESMFold_hypothetical_protein	8b06-assembly1.cif.gz_A TRYPTOPHAN SYNTHASE - Cryo-trapping by the spitrobot crystal plunger after 25 sec	0.135	235	191	3	224	12	246	2.335E-06	171
LOKIASV2_4297_ESMFold_hypothetical_protein	5kzm-assembly1.cif.gz_A	LOKIASV2_4297_ESMFold_hypothetical_protein	5kzm-assembly1.cif.gz_A Crystal structure of Tryptophan synthase alpha-beta chain complex from Francisella tularensis	0.145	246	186	3	221	13	258	5.176E-06	171
LOKIASV2_4297_ESMFold_hypothetical_protein	4ks0-assembly1.cif.gz_A-2	LOKIASV2_4297_ESMFold_hypothetical_protein	4ks0-assembly1.cif.gz_A-2 Pyruvate kinase (PYK) from Trypanosoma cruzi in the presence of Magnesium, oxalate and F26BP	0.105	305	197	5	225	18	322	8.635E-06	171
LOKIASV2_4297_ESMFold_hypothetical_protein	2e09-assembly2.cif.gz_B	LOKIASV2_4297_ESMFold_hypothetical_protein	2e09-assembly2.cif.gz_B Structure of mutant tryptophan synthase alpha-subunit (E74A) from a hyperthermophile, Pyrococcus furiosus	0.144	235	186	8	225	6	240	4.890E-06	170
LOKIASV2_4297_ESMFold_hypothetical_protein	5ey5-assembly1.cif.gz_A	LOKIASV2_4297_ESMFold_hypothetical_protein	5ey5-assembly1.cif.gz_A LBCATS	0.140	245	187	3	221	12	256	2.206E-06	170
LOKIASV2_4297_ESMFold_hypothetical_protein	3qv8-assembly1.cif.gz_A-2	LOKIASV2_4297_ESMFold_hypothetical_protein	3qv8-assembly1.cif.gz_A-2 Crystal structure of Leishmania mexicana pyruvate kinase(LmPYK)in complex with benzothiazole-2,5-disulfonic acid.	0.106	237	197	5	225	17	253	1.757E-06	170
LOKIASV2_4297_ESMFold_hypothetical_protein	4rpp-assembly1.cif.gz_C	LOKIASV2_4297_ESMFold_hypothetical_protein	4rpp-assembly1.cif.gz_C crystal structure of PKM2-K422R mutant bound with FBP	0.128	241	191	6	225	19	259	4.620E-06	170
LOKIASV2_4297_ESMFold_hypothetical_protein	6su1-assembly2.cif.gz_G	LOKIASV2_4297_ESMFold_hypothetical_protein	6su1-assembly2.cif.gz_G Trypanosoma congolense pyruvate kinase in complex with citrate and glycerol	0.118	252	194	5	225	17	268	1.525E-05	170
LOKIASV2_4297_ESMFold_hypothetical_protein	5sc9-assembly2.cif.gz_H	LOKIASV2_4297_ESMFold_hypothetical_protein	5sc9-assembly2.cif.gz_H Structure of liver pyruvate kinase in complex with anthraquinone derivative 29	0.109	243	195	6	225	34	276	1.361E-05	170
LOKIASV2_4297_ESMFold_hypothetical_protein	6su1-assembly2.cif.gz_H	LOKIASV2_4297_ESMFold_hypothetical_protein	6su1-assembly2.cif.gz_H Trypanosoma congolense pyruvate kinase in complex with citrate and glycerol	0.104	288	197	5	225	17	304	1.286E-05	170
LOKIASV2_4297_ESMFold_hypothetical_protein	5g4w-assembly1.cif.gz_A	LOKIASV2_4297_ESMFold_hypothetical_protein	5g4w-assembly1.cif.gz_A S. enterica HisA mutant D7N, D10G, Dup13-15 (VVR) with substrate ProFAR	0.151	231	177	10	218	1	231	2.084E-06	169
LOKIASV2_4297_ESMFold_hypothetical_protein	2dzv-assembly2.cif.gz_B	LOKIASV2_4297_ESMFold_hypothetical_protein	2dzv-assembly2.cif.gz_B Structure of mutant tryptophan synthase alpha-subunit (D146A) from a hyperthermophile, Pyrococcus furiosus	0.138	235	187	8	225	6	240	4.364E-06	169
LOKIASV2_4297_ESMFold_hypothetical_protein	7ncc-assembly1.cif.gz_B	LOKIASV2_4297_ESMFold_hypothetical_protein	7ncc-assembly1.cif.gz_B Crystal structure of fructose-bisphosphate aldolase FBAP from Bacillus methanolicus	0.155	256	182	8	223	18	273	1.481E-06	169
LOKIASV2_4297_ESMFold_hypothetical_protein	4rpp-assembly1.cif.gz_B	LOKIASV2_4297_ESMFold_hypothetical_protein	4rpp-assembly1.cif.gz_B crystal structure of PKM2-K422R mutant bound with FBP	0.133	247	194	1	225	15	261	3.284E-06	169
LOKIASV2_4297_ESMFold_hypothetical_protein	4rpp-assembly1.cif.gz_D	LOKIASV2_4297_ESMFold_hypothetical_protein	4rpp-assembly1.cif.gz_D crystal structure of PKM2-K422R mutant bound with FBP	0.136	243	189	6	225	19	261	4.123E-06	169
LOKIASV2_4297_ESMFold_hypothetical_protein	1ixo-assembly3.cif.gz_A-2	LOKIASV2_4297_ESMFold_hypothetical_protein	1ixo-assembly3.cif.gz_A-2 Enzyme-analogue substrate complex of Pyridoxine 5'-Phosphate Synthase	0.124	235	192	7	226	1	235	3.788E-05	168
LOKIASV2_4297_ESMFold_hypothetical_protein	2dzu-assembly1.cif.gz_A	LOKIASV2_4297_ESMFold_hypothetical_protein	2dzu-assembly1.cif.gz_A Structure of mutant tryptophan synthase alpha-subunit (D110N) from a hyperthermophile, Pyrococcus furiosus	0.149	238	186	6	225	2	239	7.281E-06	168
LOKIASV2_4297_ESMFold_hypothetical_protein	2zvi-assembly1.cif.gz_A	LOKIASV2_4297_ESMFold_hypothetical_protein	2zvi-assembly1.cif.gz_A Crystal structure of 2,3-diketo-5-methylthiopentyl-1-phosphate enolase from Bacillus subtilis	0.152	243	183	8	224	128	370	1.286E-05	168
LOKIASV2_4297_ESMFold_hypothetical_protein	6tti-assembly1.cif.gz_A	LOKIASV2_4297_ESMFold_hypothetical_protein	6tti-assembly1.cif.gz_A PKM2 in complex with Compound 6	0.124	247	193	5	225	23	269	4.890E-06	168
LOKIASV2_4297_ESMFold_hypothetical_protein	6v74-assembly1.cif.gz_D-2	LOKIASV2_4297_ESMFold_hypothetical_protein	6v74-assembly1.cif.gz_D-2 Crystal Structure of Human PKM2 in Complex with L-asparagine	0.126	254	192	5	225	27	280	3.476E-06	168
LOKIASV2_4297_ESMFold_hypothetical_protein	3th6-assembly1.cif.gz_B	LOKIASV2_4297_ESMFold_hypothetical_protein	3th6-assembly1.cif.gz_B Crystal structure of Triosephosphate isomerase from Rhipicephalus (Boophilus) microplus.	0.138	238	179	9	217	3	240	7.707E-06	167
LOKIASV2_4297_ESMFold_hypothetical_protein	5zg4-assembly1.cif.gz_A	LOKIASV2_4297_ESMFold_hypothetical_protein	5zg4-assembly1.cif.gz_A Crystal Structure of Triosephosphate isomerase SAD deletion mutant from Opisthorchis viverrini	0.101	240	186	10	217	5	244	6.878E-06	167
LOKIASV2_4297_ESMFold_hypothetical_protein	3t40-assembly1.cif.gz_A	LOKIASV2_4297_ESMFold_hypothetical_protein	3t40-assembly1.cif.gz_A Crystal Structure of Mycobacterium tuberculosis Indole Glycerol Phosphate Synthase (IGPS) complex with N-2-Carboxyphenyl Glycine (CPG)	0.094	218	184	3	220	40	243	2.693E-05	167
LOKIASV2_4297_ESMFold_hypothetical_protein	4jdy-assembly1.cif.gz_A	LOKIASV2_4297_ESMFold_hypothetical_protein	4jdy-assembly1.cif.gz_A Crystal structure of Rv2606c	0.136	252	188	8	226	13	264	2.769E-06	167
LOKIASV2_4297_ESMFold_hypothetical_protein	4adt-assembly1.cif.gz_A	LOKIASV2_4297_ESMFold_hypothetical_protein	4adt-assembly1.cif.gz_A Crystal structure of plasmodial PLP synthase	0.160	238	183	8	226	16	253	5.176E-06	167
LOKIASV2_4297_ESMFold_hypothetical_protein	4ads-assembly1.cif.gz_A	LOKIASV2_4297_ESMFold_hypothetical_protein	4ads-assembly1.cif.gz_A Crystal structure of plasmodial PLP synthase complex	0.145	243	186	8	226	19	261	1.361E-05	167
LOKIASV2_4297_ESMFold_hypothetical_protein	5sc9-assembly1.cif.gz_A	LOKIASV2_4297_ESMFold_hypothetical_protein	5sc9-assembly1.cif.gz_A Structure of liver pyruvate kinase in complex with anthraquinone derivative 29	0.114	241	194	6	225	29	269	2.693E-05	167
LOKIASV2_4297_ESMFold_hypothetical_protein	5csr-assembly1.cif.gz_A	LOKIASV2_4297_ESMFold_hypothetical_protein	5csr-assembly1.cif.gz_A Crystal structure of triosephosphate isomerase from Thermoplasma acidophilium	0.137	212	180	10	218	2	213	1.809E-05	166
LOKIASV2_4297_ESMFold_hypothetical_protein	5ahe-assembly1.cif.gz_A	LOKIASV2_4297_ESMFold_hypothetical_protein	5ahe-assembly1.cif.gz_A Crystal structure of Salmonella enterica HisA	0.117	230	187	10	222	1	230	1.809E-05	166
LOKIASV2_4297_ESMFold_hypothetical_protein	2nv1-assembly1.cif.gz_A-2	LOKIASV2_4297_ESMFold_hypothetical_protein	2nv1-assembly1.cif.gz_A-2 Structure of the synthase subunit Pdx1 (YaaD) of PLP synthase from Bacillus subtilis	0.147	245	186	8	226	13	257	2.616E-06	166
LOKIASV2_4297_ESMFold_hypothetical_protein	1p0n-assembly1.cif.gz_B	LOKIASV2_4297_ESMFold_hypothetical_protein	1p0n-assembly1.cif.gz_B IPP:DMAPP isomerase type II, FMN complex	0.144	230	185	9	225	36	265	5.328E-05	166
LOKIASV2_4297_ESMFold_hypothetical_protein	3eoe-assembly1.cif.gz_D	LOKIASV2_4297_ESMFold_hypothetical_protein	3eoe-assembly1.cif.gz_D Crystal Structure of Pyruvate Kinase from toxoplasma gondii, 55.m00007	0.114	249	195	5	225	15	263	1.525E-05	166
LOKIASV2_4297_ESMFold_hypothetical_protein	6gg3-assembly3.cif.gz_J	LOKIASV2_4297_ESMFold_hypothetical_protein	6gg3-assembly3.cif.gz_J Crystal structure of M2 PYK in complex with Alanine.	0.124	240	190	8	225	32	271	4.364E-06	166
LOKIASV2_4297_ESMFold_hypothetical_protein	6yqx-assembly1.cif.gz_A	LOKIASV2_4297_ESMFold_hypothetical_protein	6yqx-assembly1.cif.gz_A Crystal structure of DeNovoTIM13, a de novo designed TIM barrel	0.195	195	132	7	201	16	180	5.176E-06	165
LOKIASV2_4297_ESMFold_hypothetical_protein	2nv1-assembly1.cif.gz_F-2	LOKIASV2_4297_ESMFold_hypothetical_protein	2nv1-assembly1.cif.gz_F-2 Structure of the synthase subunit Pdx1 (YaaD) of PLP synthase from Bacillus subtilis	0.143	247	191	3	226	2	248	4.890E-06	165
LOKIASV2_4297_ESMFold_hypothetical_protein	3t78-assembly1.cif.gz_A	LOKIASV2_4297_ESMFold_hypothetical_protein	3t78-assembly1.cif.gz_A Crystal Structure of Mycobacterium tuberculosis Indole Glycerol Phosphate Synthase (IGPS) in Complex with 5-Fluoroanthranilate	0.113	218	190	3	220	41	255	3.381E-05	165
LOKIASV2_4297_ESMFold_hypothetical_protein	3o6c-assembly1.cif.gz_A	LOKIASV2_4297_ESMFold_hypothetical_protein	3o6c-assembly1.cif.gz_A Pyridoxal phosphate biosynthetic protein PdxJ from Campylobacter jejuni	0.113	257	190	7	221	1	257	1.441E-05	165
LOKIASV2_4297_ESMFold_hypothetical_protein	2dzs-assembly1.cif.gz_A	LOKIASV2_4297_ESMFold_hypothetical_protein	2dzs-assembly1.cif.gz_A Structure of mutant tryptophan synthase alpha-subunit (E103A) from a hyperthermophile, Pyrococcus furiosus	0.141	238	186	6	222	2	239	1.084E-05	164
LOKIASV2_4297_ESMFold_hypothetical_protein	6ymu-assembly1.cif.gz_A	LOKIASV2_4297_ESMFold_hypothetical_protein	6ymu-assembly1.cif.gz_A Imidazole Glycerol Phosphate Synthase	0.149	236	181	6	219	1	236	1.525E-05	164
LOKIASV2_4297_ESMFold_hypothetical_protein	1geq-assembly2.cif.gz_B	LOKIASV2_4297_ESMFold_hypothetical_protein	1geq-assembly2.cif.gz_B Entropic stabilization of the tryptophan synthase A-subunit from a hyperthermophile, pyrococcus furiosus: X-ray analysis and calorimetry	0.152	235	184	8	225	6	240	6.498E-06	164
LOKIASV2_4297_ESMFold_hypothetical_protein	4hhp-assembly1.cif.gz_A	LOKIASV2_4297_ESMFold_hypothetical_protein	4hhp-assembly1.cif.gz_A Crystal structure of triosephosphate isomerase from trypanosoma cruzi, mutant e105d	0.127	246	184	6	217	3	248	1.361E-05	164
LOKIASV2_4297_ESMFold_hypothetical_protein	1thf-assembly1.cif.gz_D-2	LOKIASV2_4297_ESMFold_hypothetical_protein	1thf-assembly1.cif.gz_D-2 CYCLASE SUBUNIT OF IMIDAZOLEGLYCEROLPHOSPHATE SYNTHASE FROM THERMOTOGA MARITIMA	0.155	245	181	8	222	3	247	7.281E-06	164
LOKIASV2_4297_ESMFold_hypothetical_protein	4wxz-assembly1.cif.gz_C	LOKIASV2_4297_ESMFold_hypothetical_protein	4wxz-assembly1.cif.gz_C PdxS (G. stearothermophilus) co-crystallized with R5P	0.145	237	191	3	226	8	244	1.215E-05	164
LOKIASV2_4297_ESMFold_hypothetical_protein	4ycp-assembly1.cif.gz_A	LOKIASV2_4297_ESMFold_hypothetical_protein	4ycp-assembly1.cif.gz_A E. coli dihydrouridine synthase C (DusC) in complex with tRNATrp	0.124	230	180	10	215	2	231	2.270E-05	164
LOKIASV2_4297_ESMFold_hypothetical_protein	6k0k-assembly2.cif.gz_C	LOKIASV2_4297_ESMFold_hypothetical_protein	6k0k-assembly2.cif.gz_C Crystal structure of Escherichia coli pyruvate kinase II	0.130	254	189	8	225	6	259	7.281E-06	164
LOKIASV2_4297_ESMFold_hypothetical_protein	8tbu-assembly1.cif.gz_C	LOKIASV2_4297_ESMFold_hypothetical_protein	8tbu-assembly1.cif.gz_C Structure of human erythrocyte pyruvate kinase in complex with an allosteric activator Compound 12	0.115	267	195	5	225	35	301	1.914E-05	164
LOKIASV2_4297_ESMFold_hypothetical_protein	3nm3-assembly1.cif.gz_C	LOKIASV2_4297_ESMFold_hypothetical_protein	3nm3-assembly1.cif.gz_C The Crystal Structure of Candida glabrata THI6, a Bifunctional Enzyme involved in Thiamin Biosyhthesis of Eukaryotes	0.127	222	191	3	222	4	225	3.194E-05	164
LOKIASV2_4297_ESMFold_hypothetical_protein	7smj-assembly1.cif.gz_A	LOKIASV2_4297_ESMFold_hypothetical_protein	7smj-assembly1.cif.gz_A F2N structure, protein design with deep learning	0.197	220	129	6	225	2	163	4.123E-06	163
LOKIASV2_4297_ESMFold_hypothetical_protein	1ttj-assembly1.cif.gz_A	LOKIASV2_4297_ESMFold_hypothetical_protein	1ttj-assembly1.cif.gz_A THREE NEW CRYSTAL STRUCTURES OF POINT MUTATION VARIANTS OF MONOTIM: CONFORMATIONAL FLEXIBILITY OF LOOP-1,LOOP-4 AND LOOP-8	0.128	232	184	6	217	3	234	4.890E-06	163
LOKIASV2_4297_ESMFold_hypothetical_protein	1ho1-assembly1.cif.gz_C	LOKIASV2_4297_ESMFold_hypothetical_protein	1ho1-assembly1.cif.gz_C CRYSTAL STRUCTURE OF PYRIDOXINE 5'-PHOSPHATE SYNTHASE	0.102	242	197	7	226	1	242	4.755E-05	163
LOKIASV2_4297_ESMFold_hypothetical_protein	2dzx-assembly1.cif.gz_A	LOKIASV2_4297_ESMFold_hypothetical_protein	2dzx-assembly1.cif.gz_A Structure of mutant tryptophan synthase alpha-subunit (E131-132A) from a hyperthermophile, Pyrococcus furiosus	0.144	235	185	6	222	2	236	1.441E-05	163
LOKIASV2_4297_ESMFold_hypothetical_protein	4n6e-assembly1.cif.gz_A	LOKIASV2_4297_ESMFold_hypothetical_protein	4n6e-assembly1.cif.gz_A Crystal structure of Amycolatopsis orientalis BexX/CysO complex	0.131	219	189	6	224	12	230	2.145E-05	163
LOKIASV2_4297_ESMFold_hypothetical_protein	2ekc-assembly2.cif.gz_B	LOKIASV2_4297_ESMFold_hypothetical_protein	2ekc-assembly2.cif.gz_B Structural study of Project ID aq_1548 from Aquifex aeolicus VF5	0.147	237	189	3	224	11	247	2.616E-06	163
LOKIASV2_4297_ESMFold_hypothetical_protein	5d38-assembly1.cif.gz_B	LOKIASV2_4297_ESMFold_hypothetical_protein	5d38-assembly1.cif.gz_B Directed evolutionary changes in Kemp Eliminase KE07 - Crystal 17 round 7-2	0.132	239	184	7	219	2	240	1.024E-05	163
LOKIASV2_4297_ESMFold_hypothetical_protein	7p12-assembly1.cif.gz_A	LOKIASV2_4297_ESMFold_hypothetical_protein	7p12-assembly1.cif.gz_A DeNovoTIM13-SB, a de novo designed TIM barrel with a salt-bridge cluster	0.185	195	135	7	201	17	183	3.381E-05	162
LOKIASV2_4297_ESMFold_hypothetical_protein	4ewn-assembly1.cif.gz_D	LOKIASV2_4297_ESMFold_hypothetical_protein	4ewn-assembly1.cif.gz_D Structure of HisF-D130V+D176V with bound rCdRP	0.137	236	183	7	219	1	236	2.145E-05	162
LOKIASV2_4297_ESMFold_hypothetical_protein	6nn8-assembly1.cif.gz_H	LOKIASV2_4297_ESMFold_hypothetical_protein	6nn8-assembly1.cif.gz_H The structure of human liver pyruvate kinase, hLPYK-S531E	0.109	231	195	6	225	31	261	7.707E-06	162
LOKIASV2_4297_ESMFold_hypothetical_protein	6gg4-assembly1.cif.gz_C	LOKIASV2_4297_ESMFold_hypothetical_protein	6gg4-assembly1.cif.gz_C Crystal structure of M2 PYK in complex with Phenyalanine.	0.143	249	187	7	225	15	263	5.799E-06	162
LOKIASV2_4297_ESMFold_hypothetical_protein	7ot8-assembly1.cif.gz_A	LOKIASV2_4297_ESMFold_hypothetical_protein	7ot8-assembly1.cif.gz_A DeNovoTIM6-SB, a de novo designed TIM barrel with a salt-bridge cluster (crystal form 2)	0.178	195	128	7	201	14	170	1.709E-05	161
LOKIASV2_4297_ESMFold_hypothetical_protein	3f4n-assembly5.cif.gz_B	LOKIASV2_4297_ESMFold_hypothetical_protein	3f4n-assembly5.cif.gz_B Crystal Structure of Pyridoxal Phosphate Biosynthetic Protein PdxJ from Yersinia pestis	0.095	235	195	10	226	4	238	5.640E-05	161
LOKIASV2_4297_ESMFold_hypothetical_protein	6bve-assembly1.cif.gz_B	LOKIASV2_4297_ESMFold_hypothetical_protein	6bve-assembly1.cif.gz_B Triosephosphate isomerase of Synechocystis in complex with 2-Phosphoglycolic acid	0.114	238	187	7	218	1	238	1.709E-05	161
LOKIASV2_4297_ESMFold_hypothetical_protein	2dzx-assembly2.cif.gz_B	LOKIASV2_4297_ESMFold_hypothetical_protein	2dzx-assembly2.cif.gz_B Structure of mutant tryptophan synthase alpha-subunit (E131-132A) from a hyperthermophile, Pyrococcus furiosus	0.152	236	183	6	222	2	237	1.441E-05	161
LOKIASV2_4297_ESMFold_hypothetical_protein	4gug-assembly1.cif.gz_A	LOKIASV2_4297_ESMFold_hypothetical_protein	4gug-assembly1.cif.gz_A 1.62 Angstrom Crystal Structure of the Salmonella enterica 3-Dehydroquinate Dehydratase (aroD) E86A Mutant in Complex with Dehydroshikimate (Crystal Form #1)	0.116	232	191	8	224	15	246	1.441E-05	161
LOKIASV2_4297_ESMFold_hypothetical_protein	3o05-assembly1.cif.gz_A	LOKIASV2_4297_ESMFold_hypothetical_protein	3o05-assembly1.cif.gz_A Crystal Structure of Yeast Pyridoxal 5-Phosphate Synthase Snz1 Complxed with Substrate PLP	0.148	244	186	8	226	3	246	8.158E-06	161
LOKIASV2_4297_ESMFold_hypothetical_protein	6ofu-assembly1.cif.gz_B	LOKIASV2_4297_ESMFold_hypothetical_protein	6ofu-assembly1.cif.gz_B X-ray crystal structure of the YdjI aldolase from Escherichia coli K12	0.125	239	190	8	225	17	255	4.364E-06	161
LOKIASV2_4297_ESMFold_hypothetical_protein	5c55-assembly1.cif.gz_A	LOKIASV2_4297_ESMFold_hypothetical_protein	5c55-assembly1.cif.gz_A Crystal structure of the Y138F mutant of C.glutamicum N-acetylneuraminic acid lyase in complex with pyruvate	0.158	230	182	7	223	1	230	2.403E-05	161
LOKIASV2_4297_ESMFold_hypothetical_protein	4fxj-assembly1.cif.gz_B	LOKIASV2_4297_ESMFold_hypothetical_protein	4fxj-assembly1.cif.gz_B Structure of M2 pyruvate kinase in complex with phenylalanine	0.139	252	188	7	225	15	266	6.498E-06	161
LOKIASV2_4297_ESMFold_hypothetical_protein	7m31-assembly2.cif.gz_C	LOKIASV2_4297_ESMFold_hypothetical_protein	7m31-assembly2.cif.gz_C Dihydropyrimidine Dehydrogenase (DPD) C671S Mutant Soaked with Thymine and NADPH Anaerobically	0.127	281	189	7	224	542	822	1.525E-05	161
LOKIASV2_4297_ESMFold_hypothetical_protein	8bc2-assembly1.cif.gz_A	LOKIASV2_4297_ESMFold_hypothetical_protein	8bc2-assembly1.cif.gz_A Ligand-Free Structure of the decameric sulfofructose transaldolase BmSF-TAL	0.153	190	159	12	201	2	190	2.026E-05	160
LOKIASV2_4297_ESMFold_hypothetical_protein	5g5i-assembly1.cif.gz_A	LOKIASV2_4297_ESMFold_hypothetical_protein	5g5i-assembly1.cif.gz_A S. enterica HisA mutant D10G	0.120	227	187	10	222	1	227	1.215E-05	160
LOKIASV2_4297_ESMFold_hypothetical_protein	1wv2-assembly1.cif.gz_A	LOKIASV2_4297_ESMFold_hypothetical_protein	1wv2-assembly1.cif.gz_A Crystal structure of thiamine biosynthesis protein from Pseudomonas Aeruginosa	0.147	220	178	6	225	10	219	1.084E-05	160
LOKIASV2_4297_ESMFold_hypothetical_protein	1znn-assembly1.cif.gz_A	LOKIASV2_4297_ESMFold_hypothetical_protein	1znn-assembly1.cif.gz_A Structure of the synthase subunit of PLP synthase	0.143	232	185	10	226	3	234	6.139E-06	160
LOKIASV2_4297_ESMFold_hypothetical_protein	1tcd-assembly1.cif.gz_A	LOKIASV2_4297_ESMFold_hypothetical_protein	1tcd-assembly1.cif.gz_A TRYPANOSOMA CRUZI TRIOSEPHOSPHATE ISOMERASE	0.118	246	190	6	221	2	247	3.017E-05	160
LOKIASV2_4297_ESMFold_hypothetical_protein	8q59-assembly1.cif.gz_A-2	LOKIASV2_4297_ESMFold_hypothetical_protein	8q59-assembly1.cif.gz_A-2 Crystal structure of metal-dependent class II sulfofructose phosphate aldolase from Yersinia aldovae in complex with sulfofructose phosphate (YaSqiA-Zn-SFP)	0.109	254	198	3	225	15	268	8.158E-06	160
LOKIASV2_4297_ESMFold_hypothetical_protein	2zyf-assembly1.cif.gz_A-2	LOKIASV2_4297_ESMFold_hypothetical_protein	2zyf-assembly1.cif.gz_A-2 Crystal structure of homocitrate synthase from Thermus thermophilus complexed with magnesuim ion and alpha-ketoglutarate	0.129	222	175	10	211	5	226	2.544E-05	160
LOKIASV2_4297_ESMFold_hypothetical_protein	6nu1-assembly1.cif.gz_A-2	LOKIASV2_4297_ESMFold_hypothetical_protein	6nu1-assembly1.cif.gz_A-2 Crystal Structure of Human PKM2 in Complex with L-cysteine	0.108	302	196	5	225	28	329	1.215E-05	160
LOKIASV2_4297_ESMFold_hypothetical_protein	3hqo-assembly1.cif.gz_K	LOKIASV2_4297_ESMFold_hypothetical_protein	3hqo-assembly1.cif.gz_K Crystal structures of Leishmania mexicana pyruvate kinase (LmPYK) in complex with ATP and Oxalate	0.094	338	199	5	225	17	354	2.145E-05	160
LOKIASV2_4297_ESMFold_hypothetical_protein	4axk-assembly2.cif.gz_B	LOKIASV2_4297_ESMFold_hypothetical_protein	4axk-assembly2.cif.gz_B CRYSTAL STRUCTURE OF subHisA from the thermophile Corynebacterium efficiens	0.142	234	184	10	225	3	236	6.319E-05	159
LOKIASV2_4297_ESMFold_hypothetical_protein	2dzt-assembly1.cif.gz_A	LOKIASV2_4297_ESMFold_hypothetical_protein	2dzt-assembly1.cif.gz_A Structure of mutant tryptophan synthase alpha-subunit (D110A) from a hyperthermophile, Pyrococcus furiosus	0.140	238	186	6	222	2	239	2.145E-05	159
LOKIASV2_4297_ESMFold_hypothetical_protein	2dzv-assembly1.cif.gz_A	LOKIASV2_4297_ESMFold_hypothetical_protein	2dzv-assembly1.cif.gz_A Structure of mutant tryptophan synthase alpha-subunit (D146A) from a hyperthermophile, Pyrococcus furiosus	0.140	234	187	8	225	6	239	1.361E-05	159
LOKIASV2_4297_ESMFold_hypothetical_protein	2dzw-assembly1.cif.gz_A	LOKIASV2_4297_ESMFold_hypothetical_protein	2dzw-assembly1.cif.gz_A Structure of mutant tryptophan synthase alpha-subunit (E244A) from a hyperthermophile, Pyrococcus furiosus	0.141	238	188	6	225	2	239	1.709E-05	159
LOKIASV2_4297_ESMFold_hypothetical_protein	6jo3-assembly1.cif.gz_A-2	LOKIASV2_4297_ESMFold_hypothetical_protein	6jo3-assembly1.cif.gz_A-2 Crystal structure of (S)-3-O-geranylgeranylglyceryl phosphate synthase from Thermoplasma acidophilum in complex with substrate sn-glycerol-1-phosphate	0.129	235	190	3	221	10	244	5.479E-06	159
LOKIASV2_4297_ESMFold_hypothetical_protein	2w0u-assembly1.cif.gz_A	LOKIASV2_4297_ESMFold_hypothetical_protein	2w0u-assembly1.cif.gz_A CRYSTAL STRUCTURE OF HUMAN GLYCOLATE OXIDASE IN COMPLEX WITH THE INHIBITOR 5-[(4-CHLOROPHENYL)SULFANYL]- 1,2,3-THIADIAZOLE-4-CARBOXYLATE.	0.181	242	177	9	225	70	311	8.635E-06	159
LOKIASV2_4297_ESMFold_hypothetical_protein	2cu0-assembly2.cif.gz_B	LOKIASV2_4297_ESMFold_hypothetical_protein	2cu0-assembly2.cif.gz_B Crystal structure of inosine-5'-monophosphate dehydrogenase from Pyrococcus horikoshii OT3	0.150	209	173	6	209	44	252	6.139E-06	159
LOKIASV2_4297_ESMFold_hypothetical_protein	2cu0-assembly1.cif.gz_A	LOKIASV2_4297_ESMFold_hypothetical_protein	2cu0-assembly1.cif.gz_A Crystal structure of inosine-5'-monophosphate dehydrogenase from Pyrococcus horikoshii OT3	0.148	207	170	9	209	47	253	5.799E-06	159
LOKIASV2_4297_ESMFold_hypothetical_protein	8tbu-assembly1.cif.gz_B	LOKIASV2_4297_ESMFold_hypothetical_protein	8tbu-assembly1.cif.gz_B Structure of human erythrocyte pyruvate kinase in complex with an allosteric activator Compound 12	0.100	296	198	5	225	28	323	2.850E-05	159
LOKIASV2_4297_ESMFold_hypothetical_protein	7a8s-assembly1.cif.gz_A	LOKIASV2_4297_ESMFold_hypothetical_protein	7a8s-assembly1.cif.gz_A de novo designed ba8-barrel sTIM11 with an alpha-helical extension	0.184	195	140	7	201	16	187	4.492E-05	158
LOKIASV2_4297_ESMFold_hypothetical_protein	8b2b-assembly1.cif.gz_AAA	LOKIASV2_4297_ESMFold_hypothetical_protein	8b2b-assembly1.cif.gz_AAA Crystal structure of type I dehydroquinase from Salmonella typhi inhibited by an epoxide derivative	0.109	238	194	8	226	15	252	1.286E-05	158
LOKIASV2_4297_ESMFold_hypothetical_protein	6nn7-assembly2.cif.gz_H	LOKIASV2_4297_ESMFold_hypothetical_protein	6nn7-assembly2.cif.gz_H The structure of human liver pyruvate kinase, hLPYK-GGG	0.115	237	194	6	225	28	264	1.148E-05	158
LOKIASV2_4297_ESMFold_hypothetical_protein	8bc3-assembly1.cif.gz_A	LOKIASV2_4297_ESMFold_hypothetical_protein	8bc3-assembly1.cif.gz_A Cryo-EM Structure of a BmSF-TAL - Sulfofructose Schiff Base Complex	0.153	190	158	12	201	2	189	2.403E-05	157
LOKIASV2_4297_ESMFold_hypothetical_protein	1wv2-assembly1.cif.gz_B	LOKIASV2_4297_ESMFold_hypothetical_protein	1wv2-assembly1.cif.gz_B Crystal structure of thiamine biosynthesis protein from Pseudomonas Aeruginosa	0.129	220	176	6	225	10	212	8.158E-06	157
LOKIASV2_4297_ESMFold_hypothetical_protein	4clm-assembly1.cif.gz_A	LOKIASV2_4297_ESMFold_hypothetical_protein	4clm-assembly1.cif.gz_A Structure of Salmonella typhi type I dehydroquinase irreversibly inhibited with a 1,3,4-trihydroxyciclohexane-1-carboxylic acid derivative	0.098	230	197	8	226	14	243	1.361E-05	157
LOKIASV2_4297_ESMFold_hypothetical_protein	6dsq-assembly1.cif.gz_B	LOKIASV2_4297_ESMFold_hypothetical_protein	6dsq-assembly1.cif.gz_B Re-refinement of P. falciparum orotidine 5'-monophosphate decarboxylase	0.144	296	190	3	225	11	306	4.123E-06	157
LOKIASV2_4297_ESMFold_hypothetical_protein	1aqf-assembly2.cif.gz_E	LOKIASV2_4297_ESMFold_hypothetical_protein	1aqf-assembly2.cif.gz_E PYRUVATE KINASE FROM RABBIT MUSCLE WITH MG, K, AND L-PHOSPHOLACTATE	0.126	251	192	5	225	29	279	1.525E-05	157
LOKIASV2_4297_ESMFold_hypothetical_protein	8tbu-assembly2.cif.gz_G	LOKIASV2_4297_ESMFold_hypothetical_protein	8tbu-assembly2.cif.gz_G Structure of human erythrocyte pyruvate kinase in complex with an allosteric activator Compound 12	0.108	241	193	5	221	35	275	1.441E-05	157
LOKIASV2_4297_ESMFold_hypothetical_protein	8hmu-assembly1.cif.gz_B	LOKIASV2_4297_ESMFold_hypothetical_protein	8hmu-assembly1.cif.gz_B Crystal Structure of PKM2 mutant R516C	0.122	292	191	5	222	28	319	1.709E-05	157
LOKIASV2_4297_ESMFold_hypothetical_protein	8hmq-assembly1.cif.gz_D	LOKIASV2_4297_ESMFold_hypothetical_protein	8hmq-assembly1.cif.gz_D Crystal Structure of PKM2 mutant P403A	0.110	316	196	5	225	29	344	3.578E-05	157
LOKIASV2_4297_ESMFold_hypothetical_protein	8c4i-assembly1.cif.gz_F	LOKIASV2_4297_ESMFold_hypothetical_protein	8c4i-assembly1.cif.gz_F Ligand-free Crystal Structure of the decameric Sulfofructose Transaldolase BmSF-TAL	0.151	190	160	12	201	2	191	3.017E-05	156
LOKIASV2_4297_ESMFold_hypothetical_protein	5ab3-assembly2.cif.gz_B	LOKIASV2_4297_ESMFold_hypothetical_protein	5ab3-assembly2.cif.gz_B S.enterica HisA mutant D7N, D10G, dup13-15, Q24L, G102A	0.132	236	181	10	218	1	236	3.381E-05	156
LOKIASV2_4297_ESMFold_hypothetical_protein	5swu-assembly2.cif.gz_B	LOKIASV2_4297_ESMFold_hypothetical_protein	5swu-assembly2.cif.gz_B Dehydroquinate dehydratase from A. fumigatus AroM	0.133	238	190	4	223	7	244	1.148E-05	156
LOKIASV2_4297_ESMFold_hypothetical_protein	2nv1-assembly1.cif.gz_C	LOKIASV2_4297_ESMFold_hypothetical_protein	2nv1-assembly1.cif.gz_C Structure of the synthase subunit Pdx1 (YaaD) of PLP synthase from Bacillus subtilis	0.140	239	192	3	226	7	245	1.286E-05	156
LOKIASV2_4297_ESMFold_hypothetical_protein	3w9z-assembly1.cif.gz_A	LOKIASV2_4297_ESMFold_hypothetical_protein	3w9z-assembly1.cif.gz_A Crystal structure of DusC	0.118	224	181	10	215	2	225	1.914E-05	156
LOKIASV2_4297_ESMFold_hypothetical_protein	7r6y-assembly1.cif.gz_C	LOKIASV2_4297_ESMFold_hypothetical_protein	7r6y-assembly1.cif.gz_C E117K mutant pyruvate kinase from rabbit muscle	0.118	260	194	5	225	30	289	9.675E-06	156
LOKIASV2_4297_ESMFold_hypothetical_protein	3g2g-assembly2.cif.gz_A	LOKIASV2_4297_ESMFold_hypothetical_protein	3g2g-assembly2.cif.gz_A S437Y Mutant of human muscle pyruvate kinase, isoform M2	0.112	291	195	5	225	28	318	1.914E-05	156
LOKIASV2_4297_ESMFold_hypothetical_protein	1v5x-assembly1.cif.gz_B	LOKIASV2_4297_ESMFold_hypothetical_protein	1v5x-assembly1.cif.gz_B Crystal structure of Phosphoribosyl anthranilate isomerase from Thermus Thermophilus	0.140	214	169	10	223	2	198	1.401E-04	155
LOKIASV2_4297_ESMFold_hypothetical_protein	2dzw-assembly2.cif.gz_B	LOKIASV2_4297_ESMFold_hypothetical_protein	2dzw-assembly2.cif.gz_B Structure of mutant tryptophan synthase alpha-subunit (E244A) from a hyperthermophile, Pyrococcus furiosus	0.153	236	183	6	222	2	237	1.215E-05	155
LOKIASV2_4297_ESMFold_hypothetical_protein	4jeq-assembly2.cif.gz_C	LOKIASV2_4297_ESMFold_hypothetical_protein	4jeq-assembly2.cif.gz_C Different Contribution of Conserved Amino Acids to the Global Properties of Homologous Enzymes	0.126	245	187	7	221	3	247	4.009E-05	155
LOKIASV2_4297_ESMFold_hypothetical_protein	7nc7-assembly1.cif.gz_A	LOKIASV2_4297_ESMFold_hypothetical_protein	7nc7-assembly1.cif.gz_A Crystal structure of fructose-bisphosphate aldolases FBAC from Bacillus methanolicus	0.151	248	184	8	225	18	265	1.525E-05	155
LOKIASV2_4297_ESMFold_hypothetical_protein	2w0u-assembly4.cif.gz_D	LOKIASV2_4297_ESMFold_hypothetical_protein	2w0u-assembly4.cif.gz_D CRYSTAL STRUCTURE OF HUMAN GLYCOLATE OXIDASE IN COMPLEX WITH THE INHIBITOR 5-[(4-CHLOROPHENYL)SULFANYL]- 1,2,3-THIADIAZOLE-4-CARBOXYLATE.	0.172	241	179	9	225	71	311	2.544E-05	155
LOKIASV2_4297_ESMFold_hypothetical_protein	8hmq-assembly1.cif.gz_A	LOKIASV2_4297_ESMFold_hypothetical_protein	8hmq-assembly1.cif.gz_A Crystal Structure of PKM2 mutant P403A	0.109	307	196	5	225	29	335	1.709E-05	155
LOKIASV2_4297_ESMFold_hypothetical_protein	3srd-assembly1.cif.gz_A	LOKIASV2_4297_ESMFold_hypothetical_protein	3srd-assembly1.cif.gz_A Human M2 pyruvate kinase in complex with fructose 1-6 bisphosphate and Oxalate.	0.094	342	199	5	225	29	370	6.689E-05	155
LOKIASV2_4297_ESMFold_hypothetical_protein	5g2i-assembly1.cif.gz_A	LOKIASV2_4297_ESMFold_hypothetical_protein	5g2i-assembly1.cif.gz_A S. enterica HisA mutant Dup13-15(VVR)	0.123	230	182	10	218	1	230	2.403E-05	154
LOKIASV2_4297_ESMFold_hypothetical_protein	6vdg-assembly1.cif.gz_A	LOKIASV2_4297_ESMFold_hypothetical_protein	6vdg-assembly1.cif.gz_A Crystal Structure of the Y182A HisF Mutant from Thermotoga maritima	0.163	224	178	10	223	3	226	1.809E-05	154
LOKIASV2_4297_ESMFold_hypothetical_protein	2dzp-assembly2.cif.gz_B	LOKIASV2_4297_ESMFold_hypothetical_protein	2dzp-assembly2.cif.gz_B Structure of mutant tryptophan synthase alpha-subunit (D17N) from a hyperthermophile, Pyrococcus furiosus	0.136	232	185	8	222	6	237	1.148E-05	154
LOKIASV2_4297_ESMFold_hypothetical_protein	5ey5-assembly1.cif.gz_C	LOKIASV2_4297_ESMFold_hypothetical_protein	5ey5-assembly1.cif.gz_C LBCATS	0.146	234	186	3	221	11	244	5.176E-06	154
LOKIASV2_4297_ESMFold_hypothetical_protein	7a20-assembly1.cif.gz_C-2	LOKIASV2_4297_ESMFold_hypothetical_protein	7a20-assembly1.cif.gz_C-2 Azobenzene-Based Inhibitors for Tryptophan Synthase	0.128	231	185	8	220	17	247	1.148E-05	154
LOKIASV2_4297_ESMFold_hypothetical_protein	6dwe-assembly1.cif.gz_A	LOKIASV2_4297_ESMFold_hypothetical_protein	6dwe-assembly1.cif.gz_A Crystal structure of tryptophan synthase from M. tuberculosis - aminoacrylate- and BRD0059-bound form	0.089	231	195	7	221	16	246	3.017E-05	154
LOKIASV2_4297_ESMFold_hypothetical_protein	5ocw-assembly1.cif.gz_A	LOKIASV2_4297_ESMFold_hypothetical_protein	5ocw-assembly1.cif.gz_A Structure of Mycobacterium tuberculosis tryptophan synthase in space group F222	0.092	242	198	3	221	13	254	1.809E-05	154
LOKIASV2_4297_ESMFold_hypothetical_protein	1ubs-assembly1.cif.gz_A-2	LOKIASV2_4297_ESMFold_hypothetical_protein	1ubs-assembly1.cif.gz_A-2 TRYPTOPHAN SYNTHASE (E.C.4.2.1.20) WITH A MUTATION OF LYS 87->THR IN THE B SUBUNIT AND IN THE PRESENCE OF LIGAND L-SERINE	0.127	237	193	3	224	12	248	1.525E-05	154
LOKIASV2_4297_ESMFold_hypothetical_protein	4wxy-assembly1.cif.gz_C	LOKIASV2_4297_ESMFold_hypothetical_protein	4wxy-assembly1.cif.gz_C PLPS (inactive glutaminase mutant) co-crystallized with glutamine and R5P.	0.141	242	187	8	226	18	259	1.614E-05	154
LOKIASV2_4297_ESMFold_hypothetical_protein	2ztj-assembly1.cif.gz_A	LOKIASV2_4297_ESMFold_hypothetical_protein	2ztj-assembly1.cif.gz_A Crystal structure of homocitrate synthase from Thermus thermophilus complexed with alpha-ketoglutarate	0.135	226	180	10	218	5	230	5.640E-05	154
LOKIASV2_4297_ESMFold_hypothetical_protein	4qg9-assembly1.cif.gz_C	LOKIASV2_4297_ESMFold_hypothetical_protein	4qg9-assembly1.cif.gz_C crystal structure of PKM2-R399E mutant	0.123	257	192	6	225	19	275	2.850E-05	154
LOKIASV2_4297_ESMFold_hypothetical_protein	3h6o-assembly1.cif.gz_A	LOKIASV2_4297_ESMFold_hypothetical_protein	3h6o-assembly1.cif.gz_A Activator-Bound Structure of Human Pyruvate Kinase M2	0.107	318	196	5	225	28	345	4.755E-05	154
LOKIASV2_4297_ESMFold_hypothetical_protein	2h6r-assembly1.cif.gz_C	LOKIASV2_4297_ESMFold_hypothetical_protein	2h6r-assembly1.cif.gz_C Crystal Structure of triosephosphate isomerase (TIM) from Methanocaldococcus jannaschii	0.176	209	166	10	218	2	203	4.244E-05	153
LOKIASV2_4297_ESMFold_hypothetical_protein	5l6u-assembly1.cif.gz_A	LOKIASV2_4297_ESMFold_hypothetical_protein	5l6u-assembly1.cif.gz_A S. ENTERICA HISA MUTANT - D10G, DUP13-15, Q24L, G102A	0.134	233	184	10	222	1	233	3.381E-05	153
LOKIASV2_4297_ESMFold_hypothetical_protein	8q59-assembly1.cif.gz_B-2	LOKIASV2_4297_ESMFold_hypothetical_protein	8q59-assembly1.cif.gz_B-2 Crystal structure of metal-dependent class II sulfofructose phosphate aldolase from Yersinia aldovae in complex with sulfofructose phosphate (YaSqiA-Zn-SFP)	0.113	253	197	3	225	15	267	2.145E-05	153
LOKIASV2_4297_ESMFold_hypothetical_protein	5ahi-assembly1.cif.gz_A	LOKIASV2_4297_ESMFold_hypothetical_protein	5ahi-assembly1.cif.gz_A Crystal structure of salmonalla enterica HisA mutant D7N with ProFAR	0.123	231	182	10	218	1	231	1.084E-05	152
LOKIASV2_4297_ESMFold_hypothetical_protein	2dzs-assembly2.cif.gz_B	LOKIASV2_4297_ESMFold_hypothetical_protein	2dzs-assembly2.cif.gz_B Structure of mutant tryptophan synthase alpha-subunit (E103A) from a hyperthermophile, Pyrococcus furiosus	0.137	232	185	8	222	6	237	2.850E-05	152
LOKIASV2_4297_ESMFold_hypothetical_protein	6e9p-assembly2.cif.gz_C	LOKIASV2_4297_ESMFold_hypothetical_protein	6e9p-assembly2.cif.gz_C Crystal structure of tryptophan synthase from M. tuberculosis - open form with BRD0059 bound	0.112	235	194	3	221	12	246	2.544E-05	152
LOKIASV2_4297_ESMFold_hypothetical_protein	2h6r-assembly1.cif.gz_A	LOKIASV2_4297_ESMFold_hypothetical_protein	2h6r-assembly1.cif.gz_A Crystal Structure of triosephosphate isomerase (TIM) from Methanocaldococcus jannaschii	0.150	208	169	10	217	2	201	1.024E-05	151
LOKIASV2_4297_ESMFold_hypothetical_protein	5g1t-assembly1.cif.gz_A	LOKIASV2_4297_ESMFold_hypothetical_protein	5g1t-assembly1.cif.gz_A S. enterica HisA mutant dup13-15, D10G	0.112	229	188	10	222	1	229	4.009E-05	151
LOKIASV2_4297_ESMFold_hypothetical_protein	2wjz-assembly2.cif.gz_E	LOKIASV2_4297_ESMFold_hypothetical_protein	2wjz-assembly2.cif.gz_E Crystal structure of (HisH) K181A Y138A mutant of imidazoleglycerolphosphate synthase (HisH HisF) which displays constitutive glutaminase activity	0.152	229	181	6	219	1	229	4.009E-05	151
LOKIASV2_4297_ESMFold_hypothetical_protein	4wxz-assembly1.cif.gz_D	LOKIASV2_4297_ESMFold_hypothetical_protein	4wxz-assembly1.cif.gz_D PdxS (G. stearothermophilus) co-crystallized with R5P	0.146	231	186	8	226	3	233	2.403E-05	151
LOKIASV2_4297_ESMFold_hypothetical_protein	2dzu-assembly2.cif.gz_B	LOKIASV2_4297_ESMFold_hypothetical_protein	2dzu-assembly2.cif.gz_B Structure of mutant tryptophan synthase alpha-subunit (D110N) from a hyperthermophile, Pyrococcus furiosus	0.134	239	190	6	225	2	240	1.441E-05	151
LOKIASV2_4297_ESMFold_hypothetical_protein	2zbt-assembly1.cif.gz_A	LOKIASV2_4297_ESMFold_hypothetical_protein	2zbt-assembly1.cif.gz_A Crystal structure of pyridoxine biosynthesis protein from Thermus thermophilus HB8	0.144	243	187	8	226	19	261	3.788E-05	151
LOKIASV2_4297_ESMFold_hypothetical_protein	2yxg-assembly1.cif.gz_D	LOKIASV2_4297_ESMFold_hypothetical_protein	2yxg-assembly1.cif.gz_D Crystal structure of Dihyrodipicolinate Synthase (dapA)	0.145	226	185	9	225	2	227	3.017E-05	151
LOKIASV2_4297_ESMFold_hypothetical_protein	3srd-assembly1.cif.gz_C	LOKIASV2_4297_ESMFold_hypothetical_protein	3srd-assembly1.cif.gz_C Human M2 pyruvate kinase in complex with fructose 1-6 bisphosphate and Oxalate.	0.106	339	196	6	225	31	369	6.689E-05	151
LOKIASV2_4297_ESMFold_hypothetical_protein	6rg0-assembly4.cif.gz_D	LOKIASV2_4297_ESMFold_hypothetical_protein	6rg0-assembly4.cif.gz_D Structure of pdxj	0.099	220	197	7	226	1	220	1.181E-04	150
LOKIASV2_4297_ESMFold_hypothetical_protein	3q37-assembly2.cif.gz_D	LOKIASV2_4297_ESMFold_hypothetical_protein	3q37-assembly2.cif.gz_D Identification of Amino Acids that Account for Long-Range Interactions in Proteins Using Two Triosephosphate Isomerases from Pathogenic Trypanosomes.	0.111	245	190	6	220	3	247	4.755E-05	150
LOKIASV2_4297_ESMFold_hypothetical_protein	3krs-assembly1.cif.gz_B	LOKIASV2_4297_ESMFold_hypothetical_protein	3krs-assembly1.cif.gz_B Structure of Triosephosphate Isomerase from Cryptosporidium Parvum at 1.55A Resolution	0.126	243	184	10	221	6	248	1.614E-05	150
LOKIASV2_4297_ESMFold_hypothetical_protein	2fds-assembly1.cif.gz_B	LOKIASV2_4297_ESMFold_hypothetical_protein	2fds-assembly1.cif.gz_B Crystal Structure of Plasmodium Berghei Orotidine 5'-monophosphate Decarboxylase (ortholog of Plasmodium falciparum PF10_0225)	0.125	305	194	3	225	10	314	2.544E-05	150
LOKIASV2_4297_ESMFold_hypothetical_protein	1pkl-assembly1.cif.gz_D	LOKIASV2_4297_ESMFold_hypothetical_protein	1pkl-assembly1.cif.gz_D THE STRUCTURE OF LEISHMANIA PYRUVATE KINASE	0.087	342	205	1	225	13	354	5.970E-05	150
LOKIASV2_4297_ESMFold_hypothetical_protein	2gpt-assembly1.cif.gz_A	LOKIASV2_4297_ESMFold_hypothetical_protein	2gpt-assembly1.cif.gz_A Crystal structure of Arabidopsis Dehydroquinate dehydratase-shikimate dehydrogenase in complex with tartrate and shikimate	0.165	220	175	7	217	3	222	5.479E-06	150
LOKIASV2_4297_ESMFold_hypothetical_protein	5g2w-assembly1.cif.gz_A	LOKIASV2_4297_ESMFold_hypothetical_protein	5g2w-assembly1.cif.gz_A S. enterica HisA mutant D10G, G102A	0.134	224	180	10	218	1	224	2.544E-05	149
LOKIASV2_4297_ESMFold_hypothetical_protein	4cnn-assembly1.cif.gz_A	LOKIASV2_4297_ESMFold_hypothetical_protein	4cnn-assembly1.cif.gz_A High resolution structure of Salmonella typhi type I dehydroquinase	0.104	231	192	8	222	14	244	2.026E-05	149
LOKIASV2_4297_ESMFold_hypothetical_protein	3hqp-assembly15.cif.gz_O	LOKIASV2_4297_ESMFold_hypothetical_protein	3hqp-assembly15.cif.gz_O Crystal structure of Leishmania mexicana pyruvate kinase (LmPYK) in complex with ATP, Oxalate and fructose 2,6 bisphosphate	0.085	338	201	5	225	17	354	5.640E-05	149
LOKIASV2_4297_ESMFold_hypothetical_protein	6du6-assembly1.cif.gz_B	LOKIASV2_4297_ESMFold_hypothetical_protein	6du6-assembly1.cif.gz_B Crystal structure of the pyruvate kinase (PK1) from the mosquito Aedes aegypti	0.086	343	198	8	225	22	364	3.788E-05	149
LOKIASV2_4297_ESMFold_hypothetical_protein	2lle-assembly1.cif.gz_A	LOKIASV2_4297_ESMFold_hypothetical_protein	2lle-assembly1.cif.gz_A Computational design of an eight-stranded (beta/alpha)-barrel from fragments of different folds	0.151	224	184	9	226	2	225	1.441E-05	148
LOKIASV2_4297_ESMFold_hypothetical_protein	4wxz-assembly1.cif.gz_A	LOKIASV2_4297_ESMFold_hypothetical_protein	4wxz-assembly1.cif.gz_A PdxS (G. stearothermophilus) co-crystallized with R5P	0.146	231	185	9	226	2	232	2.026E-05	148
LOKIASV2_4297_ESMFold_hypothetical_protein	2dzt-assembly2.cif.gz_B	LOKIASV2_4297_ESMFold_hypothetical_protein	2dzt-assembly2.cif.gz_B Structure of mutant tryptophan synthase alpha-subunit (D110A) from a hyperthermophile, Pyrococcus furiosus	0.132	239	190	6	225	2	240	4.009E-05	148
LOKIASV2_4297_ESMFold_hypothetical_protein	2fjk-assembly1.cif.gz_D	LOKIASV2_4297_ESMFold_hypothetical_protein	2fjk-assembly1.cif.gz_D Crystal structure of Fructose-1,6-Bisphosphate Aldolase in Thermus caldophilus	0.128	265	194	3	225	14	278	2.850E-05	148
LOKIASV2_4297_ESMFold_hypothetical_protein	4qg8-assembly1.cif.gz_A	LOKIASV2_4297_ESMFold_hypothetical_protein	4qg8-assembly1.cif.gz_A crystal structure of PKM2-K305Q mutant	0.102	343	198	5	225	18	360	8.397E-05	148
LOKIASV2_4297_ESMFold_hypothetical_protein	3cu2-assembly1.cif.gz_A	LOKIASV2_4297_ESMFold_hypothetical_protein	3cu2-assembly1.cif.gz_A Crystal structure of ribulose-5-phosphate 3-epimerase (YP_718263.1) from Haemophilus somnus 129PT at 1.91 A resolution	0.130	221	186	10	224	14	234	1.662E-04	147
LOKIASV2_4297_ESMFold_hypothetical_protein	5ab3-assembly1.cif.gz_A	LOKIASV2_4297_ESMFold_hypothetical_protein	5ab3-assembly1.cif.gz_A S.enterica HisA mutant D7N, D10G, dup13-15, Q24L, G102A	0.119	240	183	10	218	1	240	7.080E-05	147
LOKIASV2_4297_ESMFold_hypothetical_protein	1p0k-assembly1.cif.gz_B	LOKIASV2_4297_ESMFold_hypothetical_protein	1p0k-assembly1.cif.gz_B IPP:DMAPP isomerase type II apo structure	0.130	228	188	9	225	36	263	1.483E-04	147
LOKIASV2_4297_ESMFold_hypothetical_protein	4fir-assembly1.cif.gz_A	LOKIASV2_4297_ESMFold_hypothetical_protein	4fir-assembly1.cif.gz_A Crystal structure of pyridoxal biosynthesis lyase PdxS from Pyrococcus	0.142	283	190	5	226	21	303	2.693E-05	147
LOKIASV2_4297_ESMFold_hypothetical_protein	4ima-assembly1.cif.gz_D	LOKIASV2_4297_ESMFold_hypothetical_protein	4ima-assembly1.cif.gz_D The structure of C436M-hLPYK in complex with Citrate/Mn/ATP/Fru-1,6-BP	0.092	277	199	6	225	40	316	9.960E-05	147
LOKIASV2_4297_ESMFold_hypothetical_protein	2dp3-assembly1.cif.gz_A-2	LOKIASV2_4297_ESMFold_hypothetical_protein	2dp3-assembly1.cif.gz_A-2 Crystal structure of a double mutant (C202A/A198V) of Triosephosphate isomerase from giardia lamblia	0.128	253	190	6	224	2	254	1.181E-04	146
LOKIASV2_4297_ESMFold_hypothetical_protein	2nv2-assembly1.cif.gz_M	LOKIASV2_4297_ESMFold_hypothetical_protein	2nv2-assembly1.cif.gz_M Structure of the PLP synthase complex Pdx1/2 (YaaD/E) from Bacillus subtilis	0.147	243	186	8	226	17	259	4.009E-05	146
LOKIASV2_4297_ESMFold_hypothetical_protein	4my1-assembly1.cif.gz_A	LOKIASV2_4297_ESMFold_hypothetical_protein	4my1-assembly1.cif.gz_A Crystal Structure of the Inosine 5'-monophosphate Dehydrogenase, with a Internal Deletion of CBS Domain from Bacillus anthracis str. Ames complexed with P68	0.152	200	167	12	209	49	248	5.034E-05	146
LOKIASV2_4297_ESMFold_hypothetical_protein	4qgc-assembly1.cif.gz_C	LOKIASV2_4297_ESMFold_hypothetical_protein	4qgc-assembly1.cif.gz_C crystal structure of PKM2-K422R mutant	0.092	340	203	1	225	14	353	4.244E-05	146
LOKIASV2_4297_ESMFold_hypothetical_protein	3srd-assembly1.cif.gz_D	LOKIASV2_4297_ESMFold_hypothetical_protein	3srd-assembly1.cif.gz_D Human M2 pyruvate kinase in complex with fructose 1-6 bisphosphate and Oxalate.	0.105	342	196	6	225	29	370	1.054E-04	146
LOKIASV2_4297_ESMFold_hypothetical_protein	8hms-assembly1.cif.gz_B	LOKIASV2_4297_ESMFold_hypothetical_protein	8hms-assembly1.cif.gz_B Crystal Structure of PKM2 mutant C474S	0.101	346	198	5	225	29	374	1.324E-04	146
LOKIASV2_4297_ESMFold_hypothetical_protein	1ka9-assembly1.cif.gz_F	LOKIASV2_4297_ESMFold_hypothetical_protein	1ka9-assembly1.cif.gz_F Imidazole Glycerol Phosphate Synthase	0.124	242	186	7	219	2	243	1.116E-04	145
LOKIASV2_4297_ESMFold_hypothetical_protein	8u8w-assembly1.cif.gz_A	LOKIASV2_4297_ESMFold_hypothetical_protein	8u8w-assembly1.cif.gz_A Crystal structure of N-acetylneuraminate lyase (NanA) from Klebsiella aerogenes (pyruvate and halides bound)	0.112	230	191	10	225	8	237	3.788E-05	145
LOKIASV2_4297_ESMFold_hypothetical_protein	3a9i-assembly1.cif.gz_A-2	LOKIASV2_4297_ESMFold_hypothetical_protein	3a9i-assembly1.cif.gz_A-2 Crystal structure of homocitrate synthase from Thermus thermophilus complexed with Lys	0.145	238	186	7	225	1	238	1.570E-04	145
LOKIASV2_4297_ESMFold_hypothetical_protein	4qgc-assembly1.cif.gz_B	LOKIASV2_4297_ESMFold_hypothetical_protein	4qgc-assembly1.cif.gz_B crystal structure of PKM2-K422R mutant	0.101	341	201	1	225	14	354	4.009E-05	145
LOKIASV2_4297_ESMFold_hypothetical_protein	2o7q-assembly1.cif.gz_A	LOKIASV2_4297_ESMFold_hypothetical_protein	2o7q-assembly1.cif.gz_A Crystal Structure of the A. thaliana DHQ-dehydroshikimate-SDH-shikimate-NADP(H)	0.165	220	176	7	218	3	222	1.441E-05	145
LOKIASV2_4297_ESMFold_hypothetical_protein	7mcc-assembly1.cif.gz_A	LOKIASV2_4297_ESMFold_hypothetical_protein	7mcc-assembly1.cif.gz_A Crystal structure of an AI-designed TIM-barrel F2C	0.201	216	129	10	225	1	163	9.409E-05	144
LOKIASV2_4297_ESMFold_hypothetical_protein	5ab3-assembly3.cif.gz_C	LOKIASV2_4297_ESMFold_hypothetical_protein	5ab3-assembly3.cif.gz_C S.enterica HisA mutant D7N, D10G, dup13-15, Q24L, G102A	0.126	242	182	10	218	1	242	7.495E-05	144
LOKIASV2_4297_ESMFold_hypothetical_protein	5tcf-assembly2.cif.gz_E	LOKIASV2_4297_ESMFold_hypothetical_protein	5tcf-assembly2.cif.gz_E Crystal structure of tryptophan synthase from M. tuberculosis - ligand-free form	0.115	231	194	7	226	15	245	3.578E-05	144
LOKIASV2_4297_ESMFold_hypothetical_protein	6e9p-assembly1.cif.gz_G	LOKIASV2_4297_ESMFold_hypothetical_protein	6e9p-assembly1.cif.gz_G Crystal structure of tryptophan synthase from M. tuberculosis - open form with BRD0059 bound	0.098	234	199	3	224	13	246	4.244E-05	144
LOKIASV2_4297_ESMFold_hypothetical_protein	5tql-assembly2.cif.gz_B	LOKIASV2_4297_ESMFold_hypothetical_protein	5tql-assembly2.cif.gz_B Crystal structure of TIM-Barrel protein HisF-C9S	0.141	239	183	10	223	4	242	9.409E-05	144
LOKIASV2_4297_ESMFold_hypothetical_protein	8h2c-assembly1.cif.gz_B	LOKIASV2_4297_ESMFold_hypothetical_protein	8h2c-assembly1.cif.gz_B Crystal structure of the pseudaminic acid synthase PseI from Campylobacter jejuni	0.143	245	186	8	225	11	255	5.970E-05	144
LOKIASV2_4297_ESMFold_hypothetical_protein	2o7s-assembly1.cif.gz_A	LOKIASV2_4297_ESMFold_hypothetical_protein	2o7s-assembly1.cif.gz_A Crystal Structure of the A. thaliana DHQ-dehydroshikimate-SDH-shikimate-NADP(H)	0.157	220	177	7	217	3	222	1.441E-05	144
LOKIASV2_4297_ESMFold_hypothetical_protein	5x0i-assembly1.cif.gz_B	LOKIASV2_4297_ESMFold_hypothetical_protein	5x0i-assembly1.cif.gz_B Crystal structure of PKM2 R399E mutant complexed with FBP and serine	0.089	340	200	5	225	28	367	5.328E-05	144
LOKIASV2_4297_ESMFold_hypothetical_protein	5ahf-assembly1.cif.gz_A	LOKIASV2_4297_ESMFold_hypothetical_protein	5ahf-assembly1.cif.gz_A Crystal structure of Salmonella enterica HisA D7N with ProFAR	0.124	228	182	10	218	1	228	4.244E-05	143
LOKIASV2_4297_ESMFold_hypothetical_protein	2w79-assembly2.cif.gz_B	LOKIASV2_4297_ESMFold_hypothetical_protein	2w79-assembly2.cif.gz_B Establishing wild-type levels of catalytic activity on natural and artificial (ba)8-barrel protein scaffolds	0.137	238	186	10	226	2	239	3.017E-05	143
LOKIASV2_4297_ESMFold_hypothetical_protein	4ph6-assembly1.cif.gz_B	LOKIASV2_4297_ESMFold_hypothetical_protein	4ph6-assembly1.cif.gz_B Structure of 3-Dehydroquinate Dehydratase from Enterococcus faecalis	0.129	225	187	8	223	13	237	2.850E-05	143
LOKIASV2_4297_ESMFold_hypothetical_protein	8hmq-assembly1.cif.gz_C	LOKIASV2_4297_ESMFold_hypothetical_protein	8hmq-assembly1.cif.gz_C Crystal Structure of PKM2 mutant P403A	0.114	311	195	5	225	29	339	7.080E-05	143
LOKIASV2_4297_ESMFold_hypothetical_protein	4hyv-assembly1.cif.gz_A	LOKIASV2_4297_ESMFold_hypothetical_protein	4hyv-assembly1.cif.gz_A Pyruvate kinase (PYK) from Trypanosoma brucei in the presence of Magnesium, PEP and F26BP	0.085	338	201	5	225	17	354	1.250E-04	143
LOKIASV2_4297_ESMFold_hypothetical_protein	6v74-assembly1.cif.gz_C	LOKIASV2_4297_ESMFold_hypothetical_protein	6v74-assembly1.cif.gz_C Crystal Structure of Human PKM2 in Complex with L-asparagine	0.108	321	194	8	225	32	352	5.970E-05	143
LOKIASV2_4297_ESMFold_hypothetical_protein	3srd-assembly1.cif.gz_B	LOKIASV2_4297_ESMFold_hypothetical_protein	3srd-assembly1.cif.gz_B Human M2 pyruvate kinase in complex with fructose 1-6 bisphosphate and Oxalate.	0.106	338	196	6	225	30	367	1.570E-04	143
LOKIASV2_4297_ESMFold_hypothetical_protein	4gj1-assembly1.cif.gz_A	LOKIASV2_4297_ESMFold_hypothetical_protein	4gj1-assembly1.cif.gz_A Crystal structure of 1-(5-phosphoribosyl)-5-[(5-phosphoribosylamino)methylideneamino] imidazole-4-carboxamide isomerase (hisA).	0.149	226	176	10	217	2	227	6.689E-05	142
LOKIASV2_4297_ESMFold_hypothetical_protein	5ac6-assembly1.cif.gz_A	LOKIASV2_4297_ESMFold_hypothetical_protein	5ac6-assembly1.cif.gz_A S.enterica HisA mutant D10G, dup13-15, Q24L, G102A	0.119	240	187	10	222	1	240	4.755E-05	142
LOKIASV2_4297_ESMFold_hypothetical_protein	3iiv-assembly2.cif.gz_B	LOKIASV2_4297_ESMFold_hypothetical_protein	3iiv-assembly2.cif.gz_B Evolutionary optimization of computationally designed enzymes: Kemp eliminases of the KE07 series	0.143	241	182	7	219	2	242	8.889E-05	142
LOKIASV2_4297_ESMFold_hypothetical_protein	4n02-assembly1.cif.gz_A	LOKIASV2_4297_ESMFold_hypothetical_protein	4n02-assembly1.cif.gz_A Type 2 IDI from S. pneumoniae	0.134	246	187	6	222	51	296	6.689E-05	142
LOKIASV2_4297_ESMFold_hypothetical_protein	4qg6-assembly1.cif.gz_B	LOKIASV2_4297_ESMFold_hypothetical_protein	4qg6-assembly1.cif.gz_B crystal structure of PKM2-Y105E mutant	0.106	331	190	8	221	21	351	5.970E-05	142
LOKIASV2_4297_ESMFold_hypothetical_protein	6nu1-assembly1.cif.gz_C-5	LOKIASV2_4297_ESMFold_hypothetical_protein	6nu1-assembly1.cif.gz_C-5 Crystal Structure of Human PKM2 in Complex with L-cysteine	0.102	340	195	8	225	30	369	6.689E-05	142
LOKIASV2_4297_ESMFold_hypothetical_protein	5g1y-assembly1.cif.gz_A	LOKIASV2_4297_ESMFold_hypothetical_protein	5g1y-assembly1.cif.gz_A S. enterica HisA mutant D10G, dup13-15,V14:2M, Q24L, G102	0.142	232	178	10	218	1	232	3.381E-05	141
LOKIASV2_4297_ESMFold_hypothetical_protein	3f4n-assembly2.cif.gz_C	LOKIASV2_4297_ESMFold_hypothetical_protein	3f4n-assembly2.cif.gz_C Crystal Structure of Pyridoxal Phosphate Biosynthetic Protein PdxJ from Yersinia pestis	0.116	239	191	10	226	6	244	4.624E-04	141
LOKIASV2_4297_ESMFold_hypothetical_protein	3bol-assembly1.cif.gz_B	LOKIASV2_4297_ESMFold_hypothetical_protein	3bol-assembly1.cif.gz_B Cobalamin-dependent methionine synthase (1-566) from Thermotoga maritima complexed with Zn2+	0.126	269	191	3	221	9	277	7.080E-05	141
LOKIASV2_4297_ESMFold_hypothetical_protein	7m32-assembly2.cif.gz_C	LOKIASV2_4297_ESMFold_hypothetical_protein	7m32-assembly2.cif.gz_C Dihydropyrimidine Dehydrogenase (DPD) C671A Mutant Soaked with Uracil and NADPH Anaerobically	0.132	281	188	7	224	542	822	7.495E-05	141
LOKIASV2_4297_ESMFold_hypothetical_protein	2h6r-assembly1.cif.gz_D	LOKIASV2_4297_ESMFold_hypothetical_protein	2h6r-assembly1.cif.gz_D Crystal Structure of triosephosphate isomerase (TIM) from Methanocaldococcus jannaschii	0.151	208	166	10	217	2	198	2.850E-05	140
LOKIASV2_4297_ESMFold_hypothetical_protein	5zfx-assembly1.cif.gz_A	LOKIASV2_4297_ESMFold_hypothetical_protein	5zfx-assembly1.cif.gz_A Crystal Structure of Triosephosphate isomerase from Opisthorchis viverrini	0.104	239	185	10	217	5	243	4.009E-05	140
LOKIASV2_4297_ESMFold_hypothetical_protein	4jeq-assembly6.cif.gz_L	LOKIASV2_4297_ESMFold_hypothetical_protein	4jeq-assembly6.cif.gz_L Different Contribution of Conserved Amino Acids to the Global Properties of Homologous Enzymes	0.124	244	188	6	221	2	245	8.889E-05	140
LOKIASV2_4297_ESMFold_hypothetical_protein	6bmb-assembly1.cif.gz_A	LOKIASV2_4297_ESMFold_hypothetical_protein	6bmb-assembly1.cif.gz_A Crystal structure of Arabidopsis Dehydroquinate dehydratase-shikimate dehydrogenase (T381G mutant) in complex with tartrate and shikimate	0.157	220	178	7	218	3	222	4.755E-05	140
LOKIASV2_4297_ESMFold_hypothetical_protein	4qgc-assembly1.cif.gz_A	LOKIASV2_4297_ESMFold_hypothetical_protein	4qgc-assembly1.cif.gz_A crystal structure of PKM2-K422R mutant	0.101	346	201	1	225	14	359	6.319E-05	140
LOKIASV2_4297_ESMFold_hypothetical_protein	3g2g-assembly3.cif.gz_D	LOKIASV2_4297_ESMFold_hypothetical_protein	3g2g-assembly3.cif.gz_D S437Y Mutant of human muscle pyruvate kinase, isoform M2	0.104	333	197	5	225	28	360	8.889E-05	140
LOKIASV2_4297_ESMFold_hypothetical_protein	3n25-assembly1.cif.gz_C	LOKIASV2_4297_ESMFold_hypothetical_protein	3n25-assembly1.cif.gz_C The structure of muscle pyruvate kinase in complex with proline, pyruvate, and Mn2+	0.106	339	197	5	225	29	367	1.483E-04	140
LOKIASV2_4297_ESMFold_hypothetical_protein	3bol-assembly1.cif.gz_A	LOKIASV2_4297_ESMFold_hypothetical_protein	3bol-assembly1.cif.gz_A Cobalamin-dependent methionine synthase (1-566) from Thermotoga maritima complexed with Zn2+	0.126	279	191	3	221	9	287	6.689E-05	140
LOKIASV2_4297_ESMFold_hypothetical_protein	6uap-assembly2.cif.gz_C	LOKIASV2_4297_ESMFold_hypothetical_protein	6uap-assembly2.cif.gz_C Crystal structure of tryptophan synthase from M. tuberculosis - open form with BRD6309 bound	0.117	235	195	3	224	12	246	5.328E-05	139
LOKIASV2_4297_ESMFold_hypothetical_protein	2yzr-assembly1.cif.gz_A	LOKIASV2_4297_ESMFold_hypothetical_protein	2yzr-assembly1.cif.gz_A Crystal structure of pyridoxine biosynthesis protein from Methanocaldococcus jannaschii	0.132	281	192	5	226	10	290	5.328E-05	139
LOKIASV2_4297_ESMFold_hypothetical_protein	8eq3-assembly1.cif.gz_A-2	LOKIASV2_4297_ESMFold_hypothetical_protein	8eq3-assembly1.cif.gz_A-2 Escherichia coli pyruvate kinase A301T	0.103	335	196	6	224	1	335	3.288E-04	139
LOKIASV2_4297_ESMFold_hypothetical_protein	6gg3-assembly2.cif.gz_E	LOKIASV2_4297_ESMFold_hypothetical_protein	6gg3-assembly2.cif.gz_E Crystal structure of M2 PYK in complex with Alanine.	0.102	297	195	8	225	38	334	6.689E-05	139
LOKIASV2_4297_ESMFold_hypothetical_protein	3gg8-assembly1.cif.gz_C	LOKIASV2_4297_ESMFold_hypothetical_protein	3gg8-assembly1.cif.gz_C Crystal structure of the Toxoplasma gondii Pyruvate Kinase N terminal truncated	0.085	338	201	5	225	19	356	1.401E-04	139
LOKIASV2_4297_ESMFold_hypothetical_protein	7l21-assembly1.cif.gz_D	LOKIASV2_4297_ESMFold_hypothetical_protein	7l21-assembly1.cif.gz_D Pyruvate Kinase M2 mutant-N70D	0.104	332	197	5	225	29	360	1.054E-04	139
LOKIASV2_4297_ESMFold_hypothetical_protein	7osv-assembly1.cif.gz_A	LOKIASV2_4297_ESMFold_hypothetical_protein	7osv-assembly1.cif.gz_A DeNovoTIM6-SB, a de novo designed TIM barrel with a salt-bridge cluster (crystal form 1)	0.178	195	133	7	201	10	172	3.288E-04	138
LOKIASV2_4297_ESMFold_hypothetical_protein	5ac8-assembly1.cif.gz_A	LOKIASV2_4297_ESMFold_hypothetical_protein	5ac8-assembly1.cif.gz_A S. enterica HisA with mutations D10G, dup13-15, G102A	0.131	232	184	10	222	1	232	5.034E-05	138
LOKIASV2_4297_ESMFold_hypothetical_protein	4pc8-assembly1.cif.gz_A	LOKIASV2_4297_ESMFold_hypothetical_protein	4pc8-assembly1.cif.gz_A Structure-based protein engineering efforts on the scaffold of a monomeric triosephosphate isomerase yielding a sugar isomerase	0.086	237	194	5	217	2	238	1.662E-04	138
LOKIASV2_4297_ESMFold_hypothetical_protein	4qg9-assembly1.cif.gz_A	LOKIASV2_4297_ESMFold_hypothetical_protein	4qg9-assembly1.cif.gz_A crystal structure of PKM2-R399E mutant	0.096	340	198	6	225	19	358	8.889E-05	138
LOKIASV2_4297_ESMFold_hypothetical_protein	2g50-assembly1.cif.gz_B	LOKIASV2_4297_ESMFold_hypothetical_protein	2g50-assembly1.cif.gz_B The location of the allosteric amino acid binding site of muscle pyruvate kinase.	0.109	335	196	5	225	30	364	9.409E-05	138
LOKIASV2_4297_ESMFold_hypothetical_protein	6v76-assembly1.cif.gz_C	LOKIASV2_4297_ESMFold_hypothetical_protein	6v76-assembly1.cif.gz_C Crystal Structure of Human PKM2 in Complex with L-valine	0.107	344	196	5	225	23	366	2.208E-04	138
LOKIASV2_4297_ESMFold_hypothetical_protein	8hms-assembly1.cif.gz_A	LOKIASV2_4297_ESMFold_hypothetical_protein	8hms-assembly1.cif.gz_A Crystal Structure of PKM2 mutant C474S	0.103	338	197	5	225	28	365	1.250E-04	138
LOKIASV2_4297_ESMFold_hypothetical_protein	6jfb-assembly1.cif.gz_D	LOKIASV2_4297_ESMFold_hypothetical_protein	6jfb-assembly1.cif.gz_D Crystal structure of human pyruvate kinase M2 isoform	0.095	332	196	8	225	38	369	1.324E-04	138
LOKIASV2_4297_ESMFold_hypothetical_protein	5x1v-assembly1.cif.gz_C	LOKIASV2_4297_ESMFold_hypothetical_protein	5x1v-assembly1.cif.gz_C PKM2 in complex with compound 2	0.095	343	199	5	225	28	370	7.080E-05	138
LOKIASV2_4297_ESMFold_hypothetical_protein	7qc9-assembly1.cif.gz_A	LOKIASV2_4297_ESMFold_hypothetical_protein	7qc9-assembly1.cif.gz_A HisF-C9A-D11E-V33A_L50H_I52H mutant in complex with Ni(II) from T. maritima	0.141	234	182	7	219	1	234	1.483E-04	137
LOKIASV2_4297_ESMFold_hypothetical_protein	5zfx-assembly2.cif.gz_D	LOKIASV2_4297_ESMFold_hypothetical_protein	5zfx-assembly2.cif.gz_D Crystal Structure of Triosephosphate isomerase from Opisthorchis viverrini	0.115	241	185	7	216	1	241	5.328E-05	137
LOKIASV2_4297_ESMFold_hypothetical_protein	1mo0-assembly1.cif.gz_B	LOKIASV2_4297_ESMFold_hypothetical_protein	1mo0-assembly1.cif.gz_B Structural Genomics Of Caenorhabditis Elegans: Triose Phosphate Isomerase	0.110	243	190	7	220	1	243	8.397E-05	137
LOKIASV2_4297_ESMFold_hypothetical_protein	3iio-assembly6.cif.gz_F	LOKIASV2_4297_ESMFold_hypothetical_protein	3iio-assembly6.cif.gz_F Evolutionary optimization of computationally designed enzymes: Kemp eliminases of the KE07 series	0.124	241	186	7	219	1	241	2.086E-04	137
LOKIASV2_4297_ESMFold_hypothetical_protein	5d2w-assembly1.cif.gz_A	LOKIASV2_4297_ESMFold_hypothetical_protein	5d2w-assembly1.cif.gz_A Directed evolutionary changes in Kemp Eliminase KE07 - Crystal 5 Wild Type	0.139	239	183	7	219	1	239	1.401E-04	137
LOKIASV2_4297_ESMFold_hypothetical_protein	7lb6-assembly1.cif.gz_M	LOKIASV2_4297_ESMFold_hypothetical_protein	7lb6-assembly1.cif.gz_M PDX1.2/PDX1.3 co-expression complex	0.126	243	191	8	226	13	255	2.474E-04	137
LOKIASV2_4297_ESMFold_hypothetical_protein	2fds-assembly1.cif.gz_A	LOKIASV2_4297_ESMFold_hypothetical_protein	2fds-assembly1.cif.gz_A Crystal Structure of Plasmodium Berghei Orotidine 5'-monophosphate Decarboxylase (ortholog of Plasmodium falciparum PF10_0225)	0.133	304	192	3	225	10	313	2.270E-05	137
LOKIASV2_4297_ESMFold_hypothetical_protein	6qxl-assembly1.cif.gz_G	LOKIASV2_4297_ESMFold_hypothetical_protein	6qxl-assembly1.cif.gz_G Crystal Structure of Pyruvate Kinase II (PykA) from Pseudomonas aeruginosa in complex with sodium malonate, magnesium and glucose-6-phosphate	0.102	336	195	8	225	5	340	4.127E-04	137
LOKIASV2_4297_ESMFold_hypothetical_protein	2vgf-assembly1.cif.gz_B	LOKIASV2_4297_ESMFold_hypothetical_protein	2vgf-assembly1.cif.gz_B HUMAN ERYTHROCYTE PYRUVATE KINASE: T384M mutant	0.089	319	200	6	225	29	347	1.862E-04	137
LOKIASV2_4297_ESMFold_hypothetical_protein	5x1v-assembly1.cif.gz_A	LOKIASV2_4297_ESMFold_hypothetical_protein	5x1v-assembly1.cif.gz_A PKM2 in complex with compound 2	0.103	338	195	5	222	28	365	1.570E-04	137
LOKIASV2_4297_ESMFold_hypothetical_protein	6gg3-assembly1.cif.gz_D	LOKIASV2_4297_ESMFold_hypothetical_protein	6gg3-assembly1.cif.gz_D Crystal structure of M2 PYK in complex with Alanine.	0.101	328	195	8	225	39	366	8.889E-05	137
LOKIASV2_4297_ESMFold_hypothetical_protein	5zga-assembly2.cif.gz_C	LOKIASV2_4297_ESMFold_hypothetical_protein	5zga-assembly2.cif.gz_C Crystal Structure of Triosephosphate isomerase SAD deletion and N115A mutant from Opisthorchis viverrini	0.090	236	188	10	217	5	240	9.409E-05	136
LOKIASV2_4297_ESMFold_hypothetical_protein	6w6a-assembly1.cif.gz_B	LOKIASV2_4297_ESMFold_hypothetical_protein	6w6a-assembly1.cif.gz_B Crystal structure of a pyridoxine 5'-phosphate synthease from Stenotrophomonas maltophilia K279a	0.082	243	197	6	221	4	246	4.127E-04	136
LOKIASV2_4297_ESMFold_hypothetical_protein	1gpw-assembly3.cif.gz_E	LOKIASV2_4297_ESMFold_hypothetical_protein	1gpw-assembly3.cif.gz_E Structural evidence for ammonia tunneling across the (beta/alpha)8 barrel of the imidazole glycerol phosphate synthase bienzyme complex.	0.142	240	183	6	219	2	241	1.054E-04	136
LOKIASV2_4297_ESMFold_hypothetical_protein	4mf4-assembly1.cif.gz_E	LOKIASV2_4297_ESMFold_hypothetical_protein	4mf4-assembly1.cif.gz_E Crystal structure of a HpcH/Hpal aldolase/citrate lyase family protein from Burkholderia cenocepacia J2315	0.097	245	197	8	226	13	257	1.483E-04	136
LOKIASV2_4297_ESMFold_hypothetical_protein	4ip7-assembly1.cif.gz_C	LOKIASV2_4297_ESMFold_hypothetical_protein	4ip7-assembly1.cif.gz_C Structure of the S12D variant of human liver pyruvate kinase in complex with citrate and FBP.	0.085	323	200	6	225	29	351	1.181E-04	136
LOKIASV2_4297_ESMFold_hypothetical_protein	4qg8-assembly1.cif.gz_C	LOKIASV2_4297_ESMFold_hypothetical_protein	4qg8-assembly1.cif.gz_C crystal structure of PKM2-K305Q mutant	0.107	346	196	5	225	18	363	2.934E-04	136
LOKIASV2_4297_ESMFold_hypothetical_protein	7l21-assembly1.cif.gz_B-3	LOKIASV2_4297_ESMFold_hypothetical_protein	7l21-assembly1.cif.gz_B-3 Pyruvate Kinase M2 mutant-N70D	0.107	344	196	5	225	29	372	1.401E-04	136
LOKIASV2_4297_ESMFold_hypothetical_protein	5g2h-assembly1.cif.gz_A-2	LOKIASV2_4297_ESMFold_hypothetical_protein	5g2h-assembly1.cif.gz_A-2 S. enterica HisA with mutation L169R	0.122	231	183	10	218	1	231	9.409E-05	135
LOKIASV2_4297_ESMFold_hypothetical_protein	5d2t-assembly1.cif.gz_A	LOKIASV2_4297_ESMFold_hypothetical_protein	5d2t-assembly1.cif.gz_A Directed evolutionary changes in Kemp Eliminase KE07 - Crystal 3 Wild Type	0.136	236	181	10	219	3	238	1.662E-04	135
LOKIASV2_4297_ESMFold_hypothetical_protein	8hgf-assembly1.cif.gz_A	LOKIASV2_4297_ESMFold_hypothetical_protein	8hgf-assembly1.cif.gz_A Human PKM2 mutant - C326S	0.094	348	203	1	225	14	361	1.401E-04	135
LOKIASV2_4297_ESMFold_hypothetical_protein	3srf-assembly2.cif.gz_C	LOKIASV2_4297_ESMFold_hypothetical_protein	3srf-assembly2.cif.gz_C Human M1 pyruvate kinase	0.092	342	200	5	225	29	370	1.483E-04	135
LOKIASV2_4297_ESMFold_hypothetical_protein	3n25-assembly1.cif.gz_A	LOKIASV2_4297_ESMFold_hypothetical_protein	3n25-assembly1.cif.gz_A The structure of muscle pyruvate kinase in complex with proline, pyruvate, and Mn2+	0.106	344	197	5	225	29	372	1.054E-04	135
LOKIASV2_4297_ESMFold_hypothetical_protein	5zol-assembly1.cif.gz_B	LOKIASV2_4297_ESMFold_hypothetical_protein	5zol-assembly1.cif.gz_B Crystal structure of a three sites mutantion of FSAA complexed with HA and product	0.117	214	185	12	225	3	212	1.971E-04	134
LOKIASV2_4297_ESMFold_hypothetical_protein	4yxg-assembly1.cif.gz_B	LOKIASV2_4297_ESMFold_hypothetical_protein	4yxg-assembly1.cif.gz_B F96Y Mutant of Plasmodium Falciparum Triosephosphate Isomerase	0.095	235	198	7	226	1	235	8.397E-05	134
LOKIASV2_4297_ESMFold_hypothetical_protein	6w6a-assembly1.cif.gz_A	LOKIASV2_4297_ESMFold_hypothetical_protein	6w6a-assembly1.cif.gz_A Crystal structure of a pyridoxine 5'-phosphate synthease from Stenotrophomonas maltophilia K279a	0.070	245	196	10	221	5	249	4.624E-04	134
LOKIASV2_4297_ESMFold_hypothetical_protein	4b5w-assembly1.cif.gz_C	LOKIASV2_4297_ESMFold_hypothetical_protein	4b5w-assembly1.cif.gz_C Crystal structures of divalent metal dependent pyruvate aldolase R70A mutant, HpaI, in complex with pyruvate	0.109	221	172	8	201	13	233	2.934E-04	134
LOKIASV2_4297_ESMFold_hypothetical_protein	2v5j-assembly1.cif.gz_B	LOKIASV2_4297_ESMFold_hypothetical_protein	2v5j-assembly1.cif.gz_B Apo Class II aldolase HpcH	0.112	220	170	9	201	23	242	2.337E-04	134
LOKIASV2_4297_ESMFold_hypothetical_protein	1r30-assembly1.cif.gz_A	LOKIASV2_4297_ESMFold_hypothetical_protein	1r30-assembly1.cif.gz_A The Crystal Structure of Biotin Synthase, an S-Adenosylmethionine-Dependent Radical Enzyme	0.116	277	195	3	224	29	305	1.401E-04	134
LOKIASV2_4297_ESMFold_hypothetical_protein	6wp4-assembly1.cif.gz_D-2	LOKIASV2_4297_ESMFold_hypothetical_protein	6wp4-assembly1.cif.gz_D-2 Pyruvate Kinase M2 mutant-S37E	0.102	340	198	5	225	20	359	1.570E-04	134
LOKIASV2_4297_ESMFold_hypothetical_protein	5tch-assembly2.cif.gz_G	LOKIASV2_4297_ESMFold_hypothetical_protein	5tch-assembly2.cif.gz_G Crystal structure of tryptophan synthase from M. tuberculosis - ligand-free form, TrpA-G66V mutant	0.100	234	196	3	221	12	245	1.971E-04	133
LOKIASV2_4297_ESMFold_hypothetical_protein	1al7-assembly1.cif.gz_A	LOKIASV2_4297_ESMFold_hypothetical_protein	1al7-assembly1.cif.gz_A THREE-DIMENSIONAL STRUCTURES OF GLYCOLATE OXIDASE WITH BOUND ACTIVE-SITE INHIBITORS	0.107	251	193	9	225	72	322	1.116E-04	133
LOKIASV2_4297_ESMFold_hypothetical_protein	3b06-assembly1.cif.gz_A	LOKIASV2_4297_ESMFold_hypothetical_protein	3b06-assembly1.cif.gz_A Crystal structure of Sulfolobus shibatae isopentenyl diphosphate isomerase in complex with reduced FMN and DMAPP.	0.141	274	190	1	222	40	313	2.208E-04	133
LOKIASV2_4297_ESMFold_hypothetical_protein	8hmq-assembly1.cif.gz_B	LOKIASV2_4297_ESMFold_hypothetical_protein	8hmq-assembly1.cif.gz_B Crystal Structure of PKM2 mutant P403A	0.107	334	196	5	225	29	362	1.662E-04	133
LOKIASV2_4297_ESMFold_hypothetical_protein	3bof-assembly1.cif.gz_B	LOKIASV2_4297_ESMFold_hypothetical_protein	3bof-assembly1.cif.gz_B Cobalamin-dependent methionine synthase (1-566) from Thermotoga maritima complexed with Zn2+ and Homocysteine	0.124	274	191	3	221	9	282	1.401E-04	133
LOKIASV2_4297_ESMFold_hypothetical_protein	4tv5-assembly1.cif.gz_A	LOKIASV2_4297_ESMFold_hypothetical_protein	4tv5-assembly1.cif.gz_A Crystal Structure of Citrate Synthase SbnG	0.133	232	192	3	225	9	240	1.401E-04	132
LOKIASV2_4297_ESMFold_hypothetical_protein	4b5x-assembly1.cif.gz_B	LOKIASV2_4297_ESMFold_hypothetical_protein	4b5x-assembly1.cif.gz_B Crystal structures of divalent metal dependent pyruvate aldolase (HpaI), mutant D42A	0.105	221	173	8	201	13	233	3.106E-04	132
LOKIASV2_4297_ESMFold_hypothetical_protein	3qz6-assembly1.cif.gz_A	LOKIASV2_4297_ESMFold_hypothetical_protein	3qz6-assembly1.cif.gz_A The crystal structure of HpcH/HpaI aldolase from Desulfitobacterium hafniense DCB-2	0.130	227	172	3	201	9	235	1.054E-04	132
LOKIASV2_4297_ESMFold_hypothetical_protein	2wnn-assembly1.cif.gz_B	LOKIASV2_4297_ESMFold_hypothetical_protein	2wnn-assembly1.cif.gz_B Structure of wild type E. coli N-acetylneuraminic acid lyase in complex with pyruvate in space group P21	0.121	230	190	9	225	5	234	4.244E-05	132
LOKIASV2_4297_ESMFold_hypothetical_protein	4qq3-assembly1.cif.gz_A	LOKIASV2_4297_ESMFold_hypothetical_protein	4qq3-assembly1.cif.gz_A Inosine 5'-monophosphate dehydrogenase from Vibrio cholerae, deletion mutant, in complex with XMP	0.131	200	171	12	209	44	243	4.624E-04	132
LOKIASV2_4297_ESMFold_hypothetical_protein	4q32-assembly1.cif.gz_B	LOKIASV2_4297_ESMFold_hypothetical_protein	4q32-assembly1.cif.gz_B Crystal Structure of Inosine 5'-monophosphate Dehydrogenase from Clostridium perfringens Complexed with IMP and C91	0.127	200	172	12	209	41	240	2.208E-04	132
LOKIASV2_4297_ESMFold_hypothetical_protein	8hmr-assembly1.cif.gz_A	LOKIASV2_4297_ESMFold_hypothetical_protein	8hmr-assembly1.cif.gz_A Crystal Structure of PKM2 mutant L144P	0.102	340	198	5	225	27	366	2.208E-04	132
LOKIASV2_4297_ESMFold_hypothetical_protein	8f6m-assembly1.cif.gz_H	LOKIASV2_4297_ESMFold_hypothetical_protein	8f6m-assembly1.cif.gz_H Complex of Rabbit muscle pyruvate kinase with ADP and the phosphonate analogue of PEP mimicking the Michaelis complex.	0.103	344	197	5	225	32	375	2.619E-04	132
LOKIASV2_4297_ESMFold_hypothetical_protein	1nal-assembly1.cif.gz_3	LOKIASV2_4297_ESMFold_hypothetical_protein	1nal-assembly1.cif.gz_3 THE THREE-DIMENSIONAL STRUCTURE OF N-ACETYLNEURAMINATE LYASE FROM ESCHERICHIA COLI	0.127	233	190	7	225	1	233	7.495E-05	131
LOKIASV2_4297_ESMFold_hypothetical_protein	3b0u-assembly2.cif.gz_Y	LOKIASV2_4297_ESMFold_hypothetical_protein	3b0u-assembly2.cif.gz_Y tRNA-dihydrouridine synthase from Thermus thermophilus in complex with tRNA fragment	0.114	265	193	7	225	1	265	1.324E-04	131
LOKIASV2_4297_ESMFold_hypothetical_protein	4fo4-assembly1.cif.gz_A	LOKIASV2_4297_ESMFold_hypothetical_protein	4fo4-assembly1.cif.gz_A Inosine 5'-monophosphate dehydrogenase from Vibrio cholerae, deletion mutant, complexed with IMP and mycophenolic acid	0.121	200	173	12	209	46	245	2.337E-04	131
LOKIASV2_4297_ESMFold_hypothetical_protein	4zqo-assembly1.cif.gz_A	LOKIASV2_4297_ESMFold_hypothetical_protein	4zqo-assembly1.cif.gz_A Crystal Structure of the Catalytic Domain of the Inosine Monophosphate Dehydrogenase from Mycobacterium tuberculosis in the complex with IMP and the inhibitor Q67	0.129	201	172	12	209	53	253	2.474E-04	131
LOKIASV2_4297_ESMFold_hypothetical_protein	6wp5-assembly1.cif.gz_B-2	LOKIASV2_4297_ESMFold_hypothetical_protein	6wp5-assembly1.cif.gz_B-2 Pyruvate Kinase M2 mutant-S37D	0.098	345	198	5	225	21	365	4.127E-04	131
LOKIASV2_4297_ESMFold_hypothetical_protein	3t07-assembly1.cif.gz_C	LOKIASV2_4297_ESMFold_hypothetical_protein	3t07-assembly1.cif.gz_C Crystal structure of S. aureus Pyruvate Kinase in complex with a naturally occurring bis-indole alkaloid	0.100	333	195	8	225	3	335	3.684E-04	131
LOKIASV2_4297_ESMFold_hypothetical_protein	4fxj-assembly1.cif.gz_A	LOKIASV2_4297_ESMFold_hypothetical_protein	4fxj-assembly1.cif.gz_A Structure of M2 pyruvate kinase in complex with phenylalanine	0.106	347	195	7	225	10	356	4.895E-04	130
LOKIASV2_4297_ESMFold_hypothetical_protein	5x1w-assembly1.cif.gz_B	LOKIASV2_4297_ESMFold_hypothetical_protein	5x1w-assembly1.cif.gz_B PKM2 in complex with compound 5	0.114	327	195	5	225	28	354	2.934E-04	130
LOKIASV2_4297_ESMFold_hypothetical_protein	8f6m-assembly1.cif.gz_G	LOKIASV2_4297_ESMFold_hypothetical_protein	8f6m-assembly1.cif.gz_G Complex of Rabbit muscle pyruvate kinase with ADP and the phosphonate analogue of PEP mimicking the Michaelis complex.	0.108	331	196	5	225	29	359	2.337E-04	130
LOKIASV2_4297_ESMFold_hypothetical_protein	8tbs-assembly2.cif.gz_G	LOKIASV2_4297_ESMFold_hypothetical_protein	8tbs-assembly2.cif.gz_G Structure of human erythrocyte pyruvate kinase in complex with an allosteric activator AG-946	0.084	331	202	5	225	35	365	5.485E-04	130
LOKIASV2_4297_ESMFold_hypothetical_protein	6wp4-assembly1.cif.gz_B-2	LOKIASV2_4297_ESMFold_hypothetical_protein	6wp4-assembly1.cif.gz_B-2 Pyruvate Kinase M2 mutant-S37E	0.091	344	200	5	225	21	364	2.934E-04	130
LOKIASV2_4297_ESMFold_hypothetical_protein	8hmr-assembly1.cif.gz_C	LOKIASV2_4297_ESMFold_hypothetical_protein	8hmr-assembly1.cif.gz_C Crystal Structure of PKM2 mutant L144P	0.102	340	198	5	225	26	365	2.474E-04	130
LOKIASV2_4297_ESMFold_hypothetical_protein	8tbs-assembly1.cif.gz_C	LOKIASV2_4297_ESMFold_hypothetical_protein	8tbs-assembly1.cif.gz_C Structure of human erythrocyte pyruvate kinase in complex with an allosteric activator AG-946	0.089	330	198	8	225	37	366	2.934E-04	130
LOKIASV2_4297_ESMFold_hypothetical_protein	6v74-assembly1.cif.gz_A	LOKIASV2_4297_ESMFold_hypothetical_protein	6v74-assembly1.cif.gz_A Crystal Structure of Human PKM2 in Complex with L-asparagine	0.091	341	200	5	225	28	368	5.485E-04	130
LOKIASV2_4297_ESMFold_hypothetical_protein	3n25-assembly2.cif.gz_H	LOKIASV2_4297_ESMFold_hypothetical_protein	3n25-assembly2.cif.gz_H The structure of muscle pyruvate kinase in complex with proline, pyruvate, and Mn2+	0.109	342	196	5	225	30	371	1.971E-04	130
LOKIASV2_4297_ESMFold_hypothetical_protein	2egz-assembly1.cif.gz_A	LOKIASV2_4297_ESMFold_hypothetical_protein	2egz-assembly1.cif.gz_A Crystal structure of the 3-dehydroquinate dehydratase from Aquifex aeolicus VF5	0.121	211	184	10	219	2	212	1.862E-04	129
LOKIASV2_4297_ESMFold_hypothetical_protein	4jeq-assembly5.cif.gz_I	LOKIASV2_4297_ESMFold_hypothetical_protein	4jeq-assembly5.cif.gz_I Different Contribution of Conserved Amino Acids to the Global Properties of Homologous Enzymes	0.122	244	184	7	217	3	246	4.127E-04	129
LOKIASV2_4297_ESMFold_hypothetical_protein	6ru0-assembly1.cif.gz_A	LOKIASV2_4297_ESMFold_hypothetical_protein	6ru0-assembly1.cif.gz_A Light-Regulation of Imidazole Glycerol Phosphate Synthase by Interference with its Allosteric Machinery through Photo-Sensitive Unnatural Amino Acids	0.142	224	167	6	201	1	224	1.324E-04	129
LOKIASV2_4297_ESMFold_hypothetical_protein	4qj1-assembly1.cif.gz_A	LOKIASV2_4297_ESMFold_hypothetical_protein	4qj1-assembly1.cif.gz_A Co-crystal structure of the catalytic domain of the inosine monophosphate dehydrogenase from Cryptosporidium parvum with inhibitor N109	0.152	198	165	9	206	43	237	1.862E-04	129
LOKIASV2_4297_ESMFold_hypothetical_protein	5upy-assembly1.cif.gz_A	LOKIASV2_4297_ESMFold_hypothetical_protein	5upy-assembly1.cif.gz_A Crystal Structure of the Catalytic Domain of the Inosine Monophosphate Dehydrogenase from Listeria Monocytogenes in the complex with IMP and Q21	0.158	200	166	12	209	48	247	4.127E-04	129
LOKIASV2_4297_ESMFold_hypothetical_protein	1pky-assembly1.cif.gz_D	LOKIASV2_4297_ESMFold_hypothetical_protein	1pky-assembly1.cif.gz_D PYRUVATE KINASE FROM E. COLI IN THE T-STATE	0.109	335	194	6	224	1	335	2.086E-04	129
LOKIASV2_4297_ESMFold_hypothetical_protein	3me3-assembly1.cif.gz_B	LOKIASV2_4297_ESMFold_hypothetical_protein	3me3-assembly1.cif.gz_B Activator-Bound Structure of Human Pyruvate Kinase M2	0.102	324	198	5	225	28	351	2.086E-04	129
LOKIASV2_4297_ESMFold_hypothetical_protein	6wp4-assembly1.cif.gz_C	LOKIASV2_4297_ESMFold_hypothetical_protein	6wp4-assembly1.cif.gz_C Pyruvate Kinase M2 mutant-S37E	0.102	340	198	5	225	20	359	3.106E-04	129
LOKIASV2_4297_ESMFold_hypothetical_protein	1f3x-assembly1.cif.gz_A	LOKIASV2_4297_ESMFold_hypothetical_protein	1f3x-assembly1.cif.gz_A S402P MUTANT OF RABBIT MUSCLE PYRUVATE KINASE	0.096	346	199	5	225	29	374	4.127E-04	129
LOKIASV2_4297_ESMFold_hypothetical_protein	6c7h-assembly1.cif.gz_A	LOKIASV2_4297_ESMFold_hypothetical_protein	6c7h-assembly1.cif.gz_A Directed evolutionary changes in Kemp Eliminase KE07 - Crystal 18 Design Trp50Ala mutant	0.157	223	164	7	201	1	223	1.971E-04	128
LOKIASV2_4297_ESMFold_hypothetical_protein	2rkx-assembly1.cif.gz_A	LOKIASV2_4297_ESMFold_hypothetical_protein	2rkx-assembly1.cif.gz_A The 3D structure of chain D, cyclase subunit of imidazoleglycerol_evolvedcerolphosphate synthase	0.136	238	182	8	219	3	240	5.806E-04	128
LOKIASV2_4297_ESMFold_hypothetical_protein	5g6t-assembly1.cif.gz_A	LOKIASV2_4297_ESMFold_hypothetical_protein	5g6t-assembly1.cif.gz_A Crystal structure of Zn-containing NagZ H174A mutant from Pseudomonas aeruginosa	0.122	275	191	8	225	3	277	2.208E-04	128
LOKIASV2_4297_ESMFold_hypothetical_protein	5uwx-assembly1.cif.gz_C	LOKIASV2_4297_ESMFold_hypothetical_protein	5uwx-assembly1.cif.gz_C Crystal Structure of Inosine 5'-monophosphate Dehydrogenase from Clostridium perfringens Complexed with IMP and P176	0.137	200	170	12	209	47	246	3.899E-04	128
LOKIASV2_4297_ESMFold_hypothetical_protein	3nm3-assembly1.cif.gz_A	LOKIASV2_4297_ESMFold_hypothetical_protein	3nm3-assembly1.cif.gz_A The Crystal Structure of Candida glabrata THI6, a Bifunctional Enzyme involved in Thiamin Biosyhthesis of Eukaryotes	0.118	222	193	3	222	4	225	1.025E-03	128
LOKIASV2_4297_ESMFold_hypothetical_protein	4jpg-assembly1.cif.gz_D	LOKIASV2_4297_ESMFold_hypothetical_protein	4jpg-assembly1.cif.gz_D 2-((1H-benzo[d]imidazol-1-yl)methyl)-4H-pyrido[1,2-a]pyrimidin-4-ones as Novel PKM2 Activators	0.100	338	198	5	225	28	365	3.106E-04	128
LOKIASV2_4297_ESMFold_hypothetical_protein	3u2z-assembly1.cif.gz_D	LOKIASV2_4297_ESMFold_hypothetical_protein	3u2z-assembly1.cif.gz_D Activator-Bound Structure of Human Pyruvate Kinase M2	0.111	338	196	5	225	29	366	3.106E-04	128
LOKIASV2_4297_ESMFold_hypothetical_protein	8f5u-assembly1.cif.gz_D	LOKIASV2_4297_ESMFold_hypothetical_protein	8f5u-assembly1.cif.gz_D Rabbit muscle pyruvate kinase in complex with magnesium, potassium and pyruvate	0.110	341	196	5	225	30	370	3.106E-04	128
LOKIASV2_4297_ESMFold_hypothetical_protein	7et9-assembly1.cif.gz_A	LOKIASV2_4297_ESMFold_hypothetical_protein	7et9-assembly1.cif.gz_A Crystal structure of AbHpaI-Zn-pyruvate complex, Class II aldolase, HpaI from Acinetobacter baumannii	0.106	226	177	3	201	10	235	4.895E-04	127
LOKIASV2_4297_ESMFold_hypothetical_protein	3glc-assembly1.cif.gz_D	LOKIASV2_4297_ESMFold_hypothetical_protein	3glc-assembly1.cif.gz_D Crystal Structure of E. coli LsrF in complex with Ribose-5-phosphate	0.114	234	198	2	225	37	270	4.127E-04	127
LOKIASV2_4297_ESMFold_hypothetical_protein	3khj-assembly2.cif.gz_G	LOKIASV2_4297_ESMFold_hypothetical_protein	3khj-assembly2.cif.gz_G C. parvum inosine monophosphate dehydrogenase bound by inhibitor C64	0.180	201	159	9	209	42	236	3.899E-04	127
LOKIASV2_4297_ESMFold_hypothetical_protein	2r8w-assembly1.cif.gz_A	LOKIASV2_4297_ESMFold_hypothetical_protein	2r8w-assembly1.cif.gz_A The crystal structure of dihydrodipicolinate synthase (Atu0899) from Agrobacterium tumefaciens str. C58	0.145	235	189	4	225	4	238	3.288E-04	126
LOKIASV2_4297_ESMFold_hypothetical_protein	4x3z-assembly1.cif.gz_A	LOKIASV2_4297_ESMFold_hypothetical_protein	4x3z-assembly1.cif.gz_A Inosine 5'-monophosphate dehydrogenase from Vibrio cholerae, deletion mutant, in complex with XMP and NAD	0.115	200	174	12	209	44	243	4.895E-04	126
LOKIASV2_4297_ESMFold_hypothetical_protein	4qg9-assembly1.cif.gz_B	LOKIASV2_4297_ESMFold_hypothetical_protein	4qg9-assembly1.cif.gz_B crystal structure of PKM2-R399E mutant	0.101	348	201	1	225	14	361	2.337E-04	126
LOKIASV2_4297_ESMFold_hypothetical_protein	4ip7-assembly1.cif.gz_D	LOKIASV2_4297_ESMFold_hypothetical_protein	4ip7-assembly1.cif.gz_D Structure of the S12D variant of human liver pyruvate kinase in complex with citrate and FBP.	0.090	329	199	6	225	34	362	7.288E-04	126
LOKIASV2_4297_ESMFold_hypothetical_protein	8hmu-assembly1.cif.gz_D	LOKIASV2_4297_ESMFold_hypothetical_protein	8hmu-assembly1.cif.gz_D Crystal Structure of PKM2 mutant R516C	0.095	343	199	5	225	28	370	6.505E-04	126
LOKIASV2_4297_ESMFold_hypothetical_protein	8hmu-assembly1.cif.gz_C	LOKIASV2_4297_ESMFold_hypothetical_protein	8hmu-assembly1.cif.gz_C Crystal Structure of PKM2 mutant R516C	0.096	344	196	5	222	29	372	5.485E-04	126
LOKIASV2_4297_ESMFold_hypothetical_protein	3dfy-assembly1.cif.gz_F	LOKIASV2_4297_ESMFold_hypothetical_protein	3dfy-assembly1.cif.gz_F Crystal structure of apo dipeptide epimerase from Thermotoga maritima	0.130	212	168	7	218	119	312	6.319E-05	125
LOKIASV2_4297_ESMFold_hypothetical_protein	4ix2-assembly1.cif.gz_A	LOKIASV2_4297_ESMFold_hypothetical_protein	4ix2-assembly1.cif.gz_A Inosine 5'-monophosphate dehydrogenase from Vibrio cholerae, deletion mutant, complexed with IMP	0.126	200	172	12	209	44	243	9.150E-04	125
LOKIASV2_4297_ESMFold_hypothetical_protein	3cyj-assembly1.cif.gz_A	LOKIASV2_4297_ESMFold_hypothetical_protein	3cyj-assembly1.cif.gz_A Crystal structure of a mandelate racemase/muconate lactonizing enzyme-like protein from Rubrobacter xylanophilus	0.108	195	169	8	202	126	315	3.480E-04	125
LOKIASV2_4297_ESMFold_hypothetical_protein	4ima-assembly1.cif.gz_B	LOKIASV2_4297_ESMFold_hypothetical_protein	4ima-assembly1.cif.gz_B The structure of C436M-hLPYK in complex with Citrate/Mn/ATP/Fru-1,6-BP	0.093	320	199	6	225	36	355	8.644E-04	125
LOKIASV2_4297_ESMFold_hypothetical_protein	6wp3-assembly1.cif.gz_A-2	LOKIASV2_4297_ESMFold_hypothetical_protein	6wp3-assembly1.cif.gz_A-2 Pyruvate Kinase M2 Mutant-K433Q	0.097	340	196	5	222	28	367	8.166E-04	125
LOKIASV2_4297_ESMFold_hypothetical_protein	6gg3-assembly1.cif.gz_C	LOKIASV2_4297_ESMFold_hypothetical_protein	6gg3-assembly1.cif.gz_C Crystal structure of M2 PYK in complex with Alanine.	0.098	338	196	8	225	37	374	3.480E-04	125
LOKIASV2_4297_ESMFold_hypothetical_protein	6jfb-assembly1.cif.gz_C	LOKIASV2_4297_ESMFold_hypothetical_protein	6jfb-assembly1.cif.gz_C Crystal structure of human pyruvate kinase M2 isoform	0.096	338	196	8	225	39	376	4.127E-04	125
LOKIASV2_4297_ESMFold_hypothetical_protein	4zqn-assembly1.cif.gz_A	LOKIASV2_4297_ESMFold_hypothetical_protein	4zqn-assembly1.cif.gz_A Crystal Structure of the Catalytic Domain of the Inosine Monophosphate Dehydrogenase from Mycobacterium tuberculosis in the complex with IMP and the inhibitor P41	0.125	201	172	12	209	53	253	3.106E-04	124
LOKIASV2_4297_ESMFold_hypothetical_protein	6nn7-assembly1.cif.gz_D	LOKIASV2_4297_ESMFold_hypothetical_protein	6nn7-assembly1.cif.gz_D The structure of human liver pyruvate kinase, hLPYK-GGG	0.091	301	199	6	225	32	332	3.684E-04	124
LOKIASV2_4297_ESMFold_hypothetical_protein	2vgb-assembly1.cif.gz_B	LOKIASV2_4297_ESMFold_hypothetical_protein	2vgb-assembly1.cif.gz_B HUMAN ERYTHROCYTE PYRUVATE KINASE	0.092	317	197	8	225	31	347	8.644E-04	124
LOKIASV2_4297_ESMFold_hypothetical_protein	6du6-assembly1.cif.gz_D	LOKIASV2_4297_ESMFold_hypothetical_protein	6du6-assembly1.cif.gz_D Crystal structure of the pyruvate kinase (PK1) from the mosquito Aedes aegypti	0.094	337	197	8	225	22	358	1.570E-04	124
LOKIASV2_4297_ESMFold_hypothetical_protein	5g6t-assembly2.cif.gz_B	LOKIASV2_4297_ESMFold_hypothetical_protein	5g6t-assembly2.cif.gz_B Crystal structure of Zn-containing NagZ H174A mutant from Pseudomonas aeruginosa	0.127	272	189	8	225	3	274	1.759E-04	123
LOKIASV2_4297_ESMFold_hypothetical_protein	7oo1-assembly1.cif.gz_A	LOKIASV2_4297_ESMFold_hypothetical_protein	7oo1-assembly1.cif.gz_A Structure, function and characterization of a second pyruvate kinase isozyme in Pseudomonas aeruginosa.	0.113	331	196	4	225	3	333	8.644E-04	123
LOKIASV2_4297_ESMFold_hypothetical_protein	6k0k-assembly1.cif.gz_B	LOKIASV2_4297_ESMFold_hypothetical_protein	6k0k-assembly1.cif.gz_B Crystal structure of Escherichia coli pyruvate kinase II	0.099	338	197	6	225	3	340	5.806E-04	123
LOKIASV2_4297_ESMFold_hypothetical_protein	4qgc-assembly1.cif.gz_D	LOKIASV2_4297_ESMFold_hypothetical_protein	4qgc-assembly1.cif.gz_D crystal structure of PKM2-K422R mutant	0.096	345	197	7	225	13	357	2.772E-04	123
LOKIASV2_4297_ESMFold_hypothetical_protein	3u2z-assembly1.cif.gz_B	LOKIASV2_4297_ESMFold_hypothetical_protein	3u2z-assembly1.cif.gz_B Activator-Bound Structure of Human Pyruvate Kinase M2	0.102	340	198	5	225	28	367	4.895E-04	123
LOKIASV2_4297_ESMFold_hypothetical_protein	7l21-assembly1.cif.gz_A-4	LOKIASV2_4297_ESMFold_hypothetical_protein	7l21-assembly1.cif.gz_A-4 Pyruvate Kinase M2 mutant-N70D	0.107	343	196	5	225	29	371	5.485E-04	123
LOKIASV2_4297_ESMFold_hypothetical_protein	4jej-assembly1.cif.gz_A-2	LOKIASV2_4297_ESMFold_hypothetical_protein	4jej-assembly1.cif.gz_A-2 GGGPS from Flavobacterium johnsoniae	0.145	214	168	10	206	20	233	2.086E-04	121
LOKIASV2_4297_ESMFold_hypothetical_protein	3gk0-assembly1.cif.gz_A	LOKIASV2_4297_ESMFold_hypothetical_protein	3gk0-assembly1.cif.gz_A Crystal structure of pyridoxal phosphate biosynthetic protein from Burkholderia pseudomallei	0.095	243	195	10	226	10	252	7.715E-04	121
LOKIASV2_4297_ESMFold_hypothetical_protein	3oa3-assembly1.cif.gz_A	LOKIASV2_4297_ESMFold_hypothetical_protein	3oa3-assembly1.cif.gz_A Crystal structure of a putative deoxyribose-phosphate aldolase from Coccidioides immitis	0.130	199	165	10	200	43	241	6.145E-04	121
LOKIASV2_4297_ESMFold_hypothetical_protein	1zco-assembly1.cif.gz_A	LOKIASV2_4297_ESMFold_hypothetical_protein	1zco-assembly1.cif.gz_A Crystal structure of pyrococcus furiosus 3-deoxy-D-arabino-heptulosonate 7-phosphate synthase	0.125	235	191	7	225	22	256	2.934E-04	121
LOKIASV2_4297_ESMFold_hypothetical_protein	3rlh-assembly1.cif.gz_A	LOKIASV2_4297_ESMFold_hypothetical_protein	3rlh-assembly1.cif.gz_A Crystal structure of a class II phospholipase D from Loxosceles intermedia venom	0.111	260	196	6	226	3	262	3.480E-04	121
LOKIASV2_4297_ESMFold_hypothetical_protein	6wp5-assembly1.cif.gz_C	LOKIASV2_4297_ESMFold_hypothetical_protein	6wp5-assembly1.cif.gz_C Pyruvate Kinase M2 mutant-S37D	0.096	333	193	8	221	24	356	8.644E-04	121
LOKIASV2_4297_ESMFold_hypothetical_protein	4ima-assembly1.cif.gz_A	LOKIASV2_4297_ESMFold_hypothetical_protein	4ima-assembly1.cif.gz_A The structure of C436M-hLPYK in complex with Citrate/Mn/ATP/Fru-1,6-BP	0.084	339	201	6	225	39	377	1.216E-03	121
LOKIASV2_4297_ESMFold_hypothetical_protein	3dfy-assembly2.cif.gz_J	LOKIASV2_4297_ESMFold_hypothetical_protein	3dfy-assembly2.cif.gz_J Crystal structure of apo dipeptide epimerase from Thermotoga maritima	0.130	212	168	7	218	117	310	1.116E-04	120
LOKIASV2_4297_ESMFold_hypothetical_protein	3me3-assembly1.cif.gz_D	LOKIASV2_4297_ESMFold_hypothetical_protein	3me3-assembly1.cif.gz_D Activator-Bound Structure of Human Pyruvate Kinase M2	0.093	331	200	5	225	27	357	4.127E-04	120
LOKIASV2_4297_ESMFold_hypothetical_protein	3gr4-assembly1.cif.gz_D	LOKIASV2_4297_ESMFold_hypothetical_protein	3gr4-assembly1.cif.gz_D Activator-Bound Structure of Human Pyruvate Kinase M2	0.108	335	196	5	225	28	362	5.485E-04	120
LOKIASV2_4297_ESMFold_hypothetical_protein	8f5u-assembly1.cif.gz_C	LOKIASV2_4297_ESMFold_hypothetical_protein	8f5u-assembly1.cif.gz_C Rabbit muscle pyruvate kinase in complex with magnesium, potassium and pyruvate	0.097	342	199	5	225	30	371	1.025E-03	120
LOKIASV2_4297_ESMFold_hypothetical_protein	4q33-assembly2.cif.gz_E	LOKIASV2_4297_ESMFold_hypothetical_protein	4q33-assembly2.cif.gz_E Crystal Structure of Inosine 5'-monophosphate Dehydrogenase from Clostridium perfringens Complexed with IMP and A110	0.127	200	172	12	209	43	242	9.685E-04	119
LOKIASV2_4297_ESMFold_hypothetical_protein	7r50-assembly2.cif.gz_K	LOKIASV2_4297_ESMFold_hypothetical_protein	7r50-assembly2.cif.gz_K Crystal structure of GMP reductase from mycobacterium smegmatis in complex with GMP.	0.180	211	165	10	211	148	358	1.181E-04	119
LOKIASV2_4297_ESMFold_hypothetical_protein	2vgf-assembly1.cif.gz_D	LOKIASV2_4297_ESMFold_hypothetical_protein	2vgf-assembly1.cif.gz_D HUMAN ERYTHROCYTE PYRUVATE KINASE: T384M mutant	0.085	340	200	6	225	29	368	1.710E-03	119
LOKIASV2_4297_ESMFold_hypothetical_protein	4wj8-assembly1.cif.gz_D	LOKIASV2_4297_ESMFold_hypothetical_protein	4wj8-assembly1.cif.gz_D Human Pyruvate Kinase M2 Mutant C424A	0.097	344	199	5	225	27	370	6.145E-04	119
LOKIASV2_4297_ESMFold_hypothetical_protein	1pkm-assembly1.cif.gz_A	LOKIASV2_4297_ESMFold_hypothetical_protein	1pkm-assembly1.cif.gz_A THE REFINED THREE-DIMENSIONAL STRUCTURE OF CAT MUSCLE (M1) PYRUVATE KINASE, AT A RESOLUTION OF 2.6 ANGSTROMS	0.092	346	200	5	225	29	374	1.287E-03	119
LOKIASV2_4297_ESMFold_hypothetical_protein	2za2-assembly1.cif.gz_B	LOKIASV2_4297_ESMFold_hypothetical_protein	2za2-assembly1.cif.gz_B Crystal Structure of the apo-form of orotidine-5'-monophosphate decarboxylase from P.falciparum	0.106	288	190	7	220	15	302	1.662E-04	118
LOKIASV2_4297_ESMFold_hypothetical_protein	4jpg-assembly1.cif.gz_B	LOKIASV2_4297_ESMFold_hypothetical_protein	4jpg-assembly1.cif.gz_B 2-((1H-benzo[d]imidazol-1-yl)methyl)-4H-pyrido[1,2-a]pyrimidin-4-ones as Novel PKM2 Activators	0.114	335	192	5	222	29	363	9.685E-04	118
LOKIASV2_4297_ESMFold_hypothetical_protein	3dfy-assembly2.cif.gz_P	LOKIASV2_4297_ESMFold_hypothetical_protein	3dfy-assembly2.cif.gz_P Crystal structure of apo dipeptide epimerase from Thermotoga maritima	0.130	212	168	7	218	118	311	1.483E-04	117
LOKIASV2_4297_ESMFold_hypothetical_protein	4fxj-assembly1.cif.gz_C	LOKIASV2_4297_ESMFold_hypothetical_protein	4fxj-assembly1.cif.gz_C Structure of M2 pyruvate kinase in complex with phenylalanine	0.116	337	192	8	225	21	357	8.166E-04	117
LOKIASV2_4297_ESMFold_hypothetical_protein	8f5t-assembly2.cif.gz_G	LOKIASV2_4297_ESMFold_hypothetical_protein	8f5t-assembly2.cif.gz_G Rabbit muscle pyruvate kinase in complex with sodium and magnesium	0.094	339	199	5	225	30	368	7.715E-04	117
LOKIASV2_4297_ESMFold_hypothetical_protein	3srf-assembly2.cif.gz_H	LOKIASV2_4297_ESMFold_hypothetical_protein	3srf-assembly2.cif.gz_H Human M1 pyruvate kinase	0.109	344	196	5	225	29	372	1.085E-03	117
LOKIASV2_4297_ESMFold_hypothetical_protein	1fdz-assembly1.cif.gz_C	LOKIASV2_4297_ESMFold_hypothetical_protein	1fdz-assembly1.cif.gz_C N-ACETYLNEURAMINATE LYASE IN COMPLEX WITH PYRUVATE VIA BOROHYDRIDE REDUCTION	0.125	233	191	7	225	1	233	5.806E-04	116
LOKIASV2_4297_ESMFold_hypothetical_protein	3dh7-assembly1.cif.gz_D	LOKIASV2_4297_ESMFold_hypothetical_protein	3dh7-assembly1.cif.gz_D Structure of T. thermophilus IDI-2 in complex with PPi	0.159	243	181	9	224	52	294	3.106E-04	116
LOKIASV2_4297_ESMFold_hypothetical_protein	1dtn-assembly1.cif.gz_A	LOKIASV2_4297_ESMFold_hypothetical_protein	1dtn-assembly1.cif.gz_A MANDELATE RACEMASE MUTANT D270N CO-CRYSTALLIZED WITH (S)-ATROLACTATE	0.093	193	166	8	200	133	316	5.485E-04	116
LOKIASV2_4297_ESMFold_hypothetical_protein	8cso-assembly5.cif.gz_J	LOKIASV2_4297_ESMFold_hypothetical_protein	8cso-assembly5.cif.gz_J Crystal Structure of Orotidine 5'-phosphate decarboxylase from Klebsiella pneumoniae in complex with Uridine-5'-monophosphate	0.123	211	159	12	222	2	183	1.287E-03	115
LOKIASV2_4297_ESMFold_hypothetical_protein	3dfy-assembly2.cif.gz_K	LOKIASV2_4297_ESMFold_hypothetical_protein	3dfy-assembly2.cif.gz_K Crystal structure of apo dipeptide epimerase from Thermotoga maritima	0.133	211	166	8	218	117	309	1.181E-04	115
LOKIASV2_4297_ESMFold_hypothetical_protein	3n25-assembly2.cif.gz_F	LOKIASV2_4297_ESMFold_hypothetical_protein	3n25-assembly2.cif.gz_F The structure of muscle pyruvate kinase in complex with proline, pyruvate, and Mn2+	0.102	339	198	5	225	30	368	6.886E-04	115
LOKIASV2_4297_ESMFold_hypothetical_protein	6c8b-assembly1.cif.gz_A	LOKIASV2_4297_ESMFold_hypothetical_protein	6c8b-assembly1.cif.gz_A Directed evolutionary changes in Kemp Eliminase KE07 - Crystal 23 round 6	0.132	236	181	10	219	4	239	1.526E-03	114
LOKIASV2_4297_ESMFold_hypothetical_protein	2qjg-assembly2.cif.gz_H	LOKIASV2_4297_ESMFold_hypothetical_protein	2qjg-assembly2.cif.gz_H M. jannaschii ADH synthase complexed with F1,6P	0.137	236	187	6	223	20	255	1.025E-03	114
LOKIASV2_4297_ESMFold_hypothetical_protein	1vcf-assembly1.cif.gz_A	LOKIASV2_4297_ESMFold_hypothetical_protein	1vcf-assembly1.cif.gz_A Crystal Structure of IPP isomerase at I422	0.142	237	185	6	222	35	271	5.806E-04	114
LOKIASV2_4297_ESMFold_hypothetical_protein	8tbs-assembly2.cif.gz_E	LOKIASV2_4297_ESMFold_hypothetical_protein	8tbs-assembly2.cif.gz_E Structure of human erythrocyte pyruvate kinase in complex with an allosteric activator AG-946	0.086	331	197	9	225	39	369	1.442E-03	114
LOKIASV2_4297_ESMFold_hypothetical_protein	8tbs-assembly1.cif.gz_B	LOKIASV2_4297_ESMFold_hypothetical_protein	8tbs-assembly1.cif.gz_B Structure of human erythrocyte pyruvate kinase in complex with an allosteric activator AG-946	0.084	341	202	5	225	30	370	1.362E-03	114
LOKIASV2_4297_ESMFold_hypothetical_protein	8tbt-assembly1.cif.gz_B	LOKIASV2_4297_ESMFold_hypothetical_protein	8tbt-assembly1.cif.gz_B Structure of human erythrocyte pyruvate kinase in complex with an allosteric activator Compound 2	0.095	346	199	5	225	28	373	3.020E-03	114
LOKIASV2_4297_ESMFold_hypothetical_protein	7mcd-assembly2.cif.gz_B	LOKIASV2_4297_ESMFold_hypothetical_protein	7mcd-assembly2.cif.gz_B Crystal structure of an AI-designed TIM-barrel F15C	0.176	211	146	10	220	1	178	2.934E-04	113
LOKIASV2_4297_ESMFold_hypothetical_protein	3ez4-assembly1.cif.gz_G	LOKIASV2_4297_ESMFold_hypothetical_protein	3ez4-assembly1.cif.gz_G Crystal structure of 3-methyl-2-oxobutanoate hydroxymethyltransferase from Burkholderia pseudomallei	0.097	223	197	3	225	12	230	5.806E-04	113
LOKIASV2_4297_ESMFold_hypothetical_protein	3b0p-assembly1.cif.gz_A	LOKIASV2_4297_ESMFold_hypothetical_protein	3b0p-assembly1.cif.gz_A tRNA-dihydrouridine synthase from Thermus thermophilus	0.110	215	174	7	202	1	215	1.149E-03	113
LOKIASV2_4297_ESMFold_hypothetical_protein	4g9p-assembly1.cif.gz_A	LOKIASV2_4297_ESMFold_hypothetical_protein	4g9p-assembly1.cif.gz_A Structure of the GcpE-MEcPP (IspG) complex from Thermus thermophilus	0.116	265	193	7	225	21	285	4.624E-04	113
LOKIASV2_4297_ESMFold_hypothetical_protein	4ip7-assembly1.cif.gz_A	LOKIASV2_4297_ESMFold_hypothetical_protein	4ip7-assembly1.cif.gz_A Structure of the S12D variant of human liver pyruvate kinase in complex with citrate and FBP.	0.092	331	199	6	225	29	359	1.362E-03	113
LOKIASV2_4297_ESMFold_hypothetical_protein	6wp5-assembly1.cif.gz_A	LOKIASV2_4297_ESMFold_hypothetical_protein	6wp5-assembly1.cif.gz_A Pyruvate Kinase M2 mutant-S37D	0.098	343	196	5	222	21	363	1.362E-03	113
LOKIASV2_4297_ESMFold_hypothetical_protein	7drd-assembly1.cif.gz_G	LOKIASV2_4297_ESMFold_hypothetical_protein	7drd-assembly1.cif.gz_G Cryo-EM structure of DgpB-C at 2.85 angstrom resolution	0.098	267	198	7	226	1	267	2.337E-04	112
LOKIASV2_4297_ESMFold_hypothetical_protein	6mqh-assembly1.cif.gz_A	LOKIASV2_4297_ESMFold_hypothetical_protein	6mqh-assembly1.cif.gz_A Crystal structure of 4-hydroxy-tetrahydrodipicolinate synthase (HTPA synthase) from Burkholderia mallei	0.108	231	194	7	225	2	232	1.362E-03	112
LOKIASV2_4297_ESMFold_hypothetical_protein	7mcd-assembly4.cif.gz_D	LOKIASV2_4297_ESMFold_hypothetical_protein	7mcd-assembly4.cif.gz_D Crystal structure of an AI-designed TIM-barrel F15C	0.169	215	150	10	224	2	182	6.886E-04	111
LOKIASV2_4297_ESMFold_hypothetical_protein	2qjg-assembly1.cif.gz_O	LOKIASV2_4297_ESMFold_hypothetical_protein	2qjg-assembly1.cif.gz_O M. jannaschii ADH synthase complexed with F1,6P	0.141	235	186	6	223	20	254	1.149E-03	111
LOKIASV2_4297_ESMFold_hypothetical_protein	4rw5-assembly1.cif.gz_A	LOKIASV2_4297_ESMFold_hypothetical_protein	4rw5-assembly1.cif.gz_A Structural insights into substrate binding of brown spider venom class II phospholipases D	0.126	254	189	6	222	3	256	9.685E-04	110
LOKIASV2_4297_ESMFold_hypothetical_protein	1jr1-assembly2.cif.gz_B	LOKIASV2_4297_ESMFold_hypothetical_protein	1jr1-assembly2.cif.gz_B Crystal structure of Inosine Monophosphate Dehydrogenase in complex with Mycophenolic Acid	0.161	211	165	12	209	55	265	2.406E-03	110
LOKIASV2_4297_ESMFold_hypothetical_protein	2yce-assembly1.cif.gz_E	LOKIASV2_4297_ESMFold_hypothetical_protein	2yce-assembly1.cif.gz_E Structure of an Archaeal fructose-1,6-bisphosphate aldolase with the catalytic Lys covalently bound to the carbinolamine intermediate of the substrate.	0.167	247	185	4	226	8	254	1.616E-03	109
LOKIASV2_4297_ESMFold_hypothetical_protein	4fp1-assembly1.cif.gz_A	LOKIASV2_4297_ESMFold_hypothetical_protein	4fp1-assembly1.cif.gz_A P. putida mandelate racemase co-crystallized with 3,3,3-trifluoro-2-hydroxy-2-(trifluoromethyl) propionic acid	0.105	193	166	7	199	130	315	9.685E-04	109
LOKIASV2_4297_ESMFold_hypothetical_protein	8tbt-assembly1.cif.gz_C	LOKIASV2_4297_ESMFold_hypothetical_protein	8tbt-assembly1.cif.gz_C Structure of human erythrocyte pyruvate kinase in complex with an allosteric activator Compound 2	0.093	321	192	8	220	31	351	1.710E-03	109
LOKIASV2_4297_ESMFold_hypothetical_protein	5swv-assembly1.cif.gz_C	LOKIASV2_4297_ESMFold_hypothetical_protein	5swv-assembly1.cif.gz_C Dehydroquinate dehydratase and shikimate dehydrogenase from S. pombe AroM	0.126	218	172	3	200	4	221	1.085E-03	108
LOKIASV2_4297_ESMFold_hypothetical_protein	3dfy-assembly2.cif.gz_I	LOKIASV2_4297_ESMFold_hypothetical_protein	3dfy-assembly2.cif.gz_I Crystal structure of apo dipeptide epimerase from Thermotoga maritima	0.121	212	170	7	218	127	320	6.886E-04	107
LOKIASV2_4297_ESMFold_hypothetical_protein	7o5i-assembly1.cif.gz_A	LOKIASV2_4297_ESMFold_hypothetical_protein	7o5i-assembly1.cif.gz_A Crystal structure of apo-SwHKA (Hydroxy ketone aldolase) from Sphingomonas wittichii RW1	0.107	237	198	3	225	10	246	1.916E-03	106
LOKIASV2_4297_ESMFold_hypothetical_protein	2vws-assembly1.cif.gz_A	LOKIASV2_4297_ESMFold_hypothetical_protein	2vws-assembly1.cif.gz_A Crystal structure of YfaU, a metal ion dependent class II aldolase from Escherichia coli K12	0.123	224	174	3	201	14	237	1.149E-03	106
LOKIASV2_4297_ESMFold_hypothetical_protein	7drd-assembly1.cif.gz_A	LOKIASV2_4297_ESMFold_hypothetical_protein	7drd-assembly1.cif.gz_A Cryo-EM structure of DgpB-C at 2.85 angstrom resolution	0.098	259	193	10	224	2	260	4.624E-04	106
LOKIASV2_4297_ESMFold_hypothetical_protein	4xky-assembly1.cif.gz_B	LOKIASV2_4297_ESMFold_hypothetical_protein	4xky-assembly1.cif.gz_B Structure of dihydrodipicolinate synthase from the commensal bacterium Bacteroides thetaiotaomicron at 2.1 A resolution	0.138	235	189	6	225	1	235	1.916E-03	106
LOKIASV2_4297_ESMFold_hypothetical_protein	1izc-assembly1.cif.gz_A	LOKIASV2_4297_ESMFold_hypothetical_protein	1izc-assembly1.cif.gz_A Crystal Structure Analysis of Macrophomate synthase	0.126	257	187	9	223	41	297	1.287E-03	106
LOKIASV2_4297_ESMFold_hypothetical_protein	3dfy-assembly2.cif.gz_N	LOKIASV2_4297_ESMFold_hypothetical_protein	3dfy-assembly2.cif.gz_N Crystal structure of apo dipeptide epimerase from Thermotoga maritima	0.140	211	165	8	218	119	311	2.772E-04	106
LOKIASV2_4297_ESMFold_hypothetical_protein	4lsb-assembly1.cif.gz_A	LOKIASV2_4297_ESMFold_hypothetical_protein	4lsb-assembly1.cif.gz_A Crystal structure of a putative lyase/mutase from Burkholderia cenocepacia J2315	0.112	236	197	3	225	11	246	2.406E-03	105
LOKIASV2_4297_ESMFold_hypothetical_protein	4hnc-assembly1.cif.gz_B	LOKIASV2_4297_ESMFold_hypothetical_protein	4hnc-assembly1.cif.gz_B P. putida C92S/K166C/C264S mandelate racemase co-crystallized with benzilic acid	0.096	194	168	7	200	124	310	1.526E-03	105
LOKIASV2_4297_ESMFold_hypothetical_protein	6bfg-assembly1.cif.gz_A	LOKIASV2_4297_ESMFold_hypothetical_protein	6bfg-assembly1.cif.gz_A Crystal structure of monotopic membrane protein (S)-mandelate dehydrogenase	0.098	279	195	9	225	72	350	1.149E-03	105
LOKIASV2_4297_ESMFold_hypothetical_protein	7qdx-assembly1.cif.gz_B	LOKIASV2_4297_ESMFold_hypothetical_protein	7qdx-assembly1.cif.gz_B bacterial IMPDH chimera	0.123	227	189	10	225	152	378	4.895E-04	105
LOKIASV2_4297_ESMFold_hypothetical_protein	7v8t-assembly1.cif.gz_F	LOKIASV2_4297_ESMFold_hypothetical_protein	7v8t-assembly1.cif.gz_F Crystal structure of class II pyruvate aldolase from Pseudomonas aeruginosa.	0.111	246	198	3	226	8	253	1.710E-03	104
LOKIASV2_4297_ESMFold_hypothetical_protein	4q6x-assembly1.cif.gz_A	LOKIASV2_4297_ESMFold_hypothetical_protein	4q6x-assembly1.cif.gz_A Structure of phospholipase D Beta1B1i from Sicarius terrosus venom at 2.14 A resolution	0.122	257	191	5	222	2	258	1.526E-03	104
LOKIASV2_4297_ESMFold_hypothetical_protein	7xrf-assembly1.cif.gz_G-2	LOKIASV2_4297_ESMFold_hypothetical_protein	7xrf-assembly1.cif.gz_G-2 Crystal structaure of DgpB/C complex	0.107	305	196	7	226	1	305	3.899E-04	104
LOKIASV2_4297_ESMFold_hypothetical_protein	4hnc-assembly1.cif.gz_A	LOKIASV2_4297_ESMFold_hypothetical_protein	4hnc-assembly1.cif.gz_A P. putida C92S/K166C/C264S mandelate racemase co-crystallized with benzilic acid	0.106	193	165	7	199	130	315	1.710E-03	104
LOKIASV2_4297_ESMFold_hypothetical_protein	7drd-assembly1.cif.gz_E	LOKIASV2_4297_ESMFold_hypothetical_protein	7drd-assembly1.cif.gz_E Cryo-EM structure of DgpB-C at 2.85 angstrom resolution	0.096	263	196	7	224	1	263	8.644E-04	103
LOKIASV2_4297_ESMFold_hypothetical_protein	5j5d-assembly1.cif.gz_A	LOKIASV2_4297_ESMFold_hypothetical_protein	5j5d-assembly1.cif.gz_A Crystal structure of Dihydrodipicolinate Synthase from Mycobacterium tuberculosis in complex with alpha-ketopimelic acid	0.093	231	200	4	224	7	237	2.029E-03	103
LOKIASV2_4297_ESMFold_hypothetical_protein	2a7n-assembly1.cif.gz_A	LOKIASV2_4297_ESMFold_hypothetical_protein	2a7n-assembly1.cif.gz_A Crystal Structure of the G81A mutant of the Active Chimera of (S)-Mandelate Dehydrogenase	0.120	263	189	9	224	71	333	1.710E-03	103
LOKIASV2_4297_ESMFold_hypothetical_protein	2zru-assembly1.cif.gz_D	LOKIASV2_4297_ESMFold_hypothetical_protein	2zru-assembly1.cif.gz_D Crystal structure of Sulfolobus shibatae isopentenyl diphosphate isomerase in complex with FMN	0.155	251	177	12	222	54	304	2.147E-03	103
LOKIASV2_4297_ESMFold_hypothetical_protein	7oy9-assembly2.cif.gz_G	LOKIASV2_4297_ESMFold_hypothetical_protein	7oy9-assembly2.cif.gz_G Crystal structure of GMP reductase from mycobacterium smegmatis.	0.126	208	172	10	207	158	365	1.570E-04	103
LOKIASV2_4297_ESMFold_hypothetical_protein	1m1b-assembly1.cif.gz_A	LOKIASV2_4297_ESMFold_hypothetical_protein	1m1b-assembly1.cif.gz_A Crystal Structure of Phosphoenolpyruvate Mutase Complexed with Sulfopyruvate	0.118	235	188	10	223	17	251	3.020E-03	102
LOKIASV2_4297_ESMFold_hypothetical_protein	7oy9-assembly2.cif.gz_F	LOKIASV2_4297_ESMFold_hypothetical_protein	7oy9-assembly2.cif.gz_F Crystal structure of GMP reductase from mycobacterium smegmatis.	0.136	208	170	10	207	158	365	1.181E-04	102
LOKIASV2_4297_ESMFold_hypothetical_protein	5x1v-assembly1.cif.gz_B	LOKIASV2_4297_ESMFold_hypothetical_protein	5x1v-assembly1.cif.gz_B PKM2 in complex with compound 2	0.109	339	196	5	225	28	366	3.582E-03	102
LOKIASV2_4297_ESMFold_hypothetical_protein	3ceu-assembly2.cif.gz_B	LOKIASV2_4297_ESMFold_hypothetical_protein	3ceu-assembly2.cif.gz_B Crystal structure of thiamine phosphate pyrophosphorylase (BT_0647) from Bacteroides thetaiotaomicron. Northeast Structural Genomics Consortium target BtR268	0.118	217	165	10	226	3	190	1.149E-03	101
LOKIASV2_4297_ESMFold_hypothetical_protein	3s5s-assembly1.cif.gz_B	LOKIASV2_4297_ESMFold_hypothetical_protein	3s5s-assembly1.cif.gz_B Crystal structure of putative mandelate racemase/muconate lactonizing enzyme (PSI/COM target 200551) from Sorangium cellulosum	0.113	195	171	5	199	128	321	2.147E-03	101
LOKIASV2_4297_ESMFold_hypothetical_protein	7u5u-assembly1.cif.gz_A	LOKIASV2_4297_ESMFold_hypothetical_protein	7u5u-assembly1.cif.gz_A Structure of the SK/DHQase/DHSD dimer from Candida albicans Aro1	0.098	202	174	8	201	130	331	1.710E-03	101
LOKIASV2_4297_ESMFold_hypothetical_protein	3ck5-assembly1.cif.gz_A	LOKIASV2_4297_ESMFold_hypothetical_protein	3ck5-assembly1.cif.gz_A Crystal structure of a racemase from Streptomyces coelicolor A3(2) with bound magnesium	0.111	208	183	6	213	127	333	1.287E-03	100
LOKIASV2_4297_ESMFold_hypothetical_protein	1mdl-assembly1.cif.gz_A	LOKIASV2_4297_ESMFold_hypothetical_protein	1mdl-assembly1.cif.gz_A MANDELATE RACEMASE MUTANT K166R CO-CRYSTALLIZED WITH (R)-MANDELATE	0.086	195	171	6	200	129	316	3.384E-03	99
LOKIASV2_4297_ESMFold_hypothetical_protein	1mra-assembly1.cif.gz_A	LOKIASV2_4297_ESMFold_hypothetical_protein	1mra-assembly1.cif.gz_A MANDELATE RACEMASE MUTANT D270N CO-CRYSTALLIZED WITH (S)-ATROLACTATE	0.080	194	171	7	200	130	316	2.696E-03	99
LOKIASV2_4297_ESMFold_hypothetical_protein	7qbj-assembly2.cif.gz_C	LOKIASV2_4297_ESMFold_hypothetical_protein	7qbj-assembly2.cif.gz_C bacterial IMPDH chimera	0.142	238	174	6	209	41	278	3.197E-03	98
LOKIASV2_4297_ESMFold_hypothetical_protein	1dxe-assembly1.cif.gz_A	LOKIASV2_4297_ESMFold_hypothetical_protein	1dxe-assembly1.cif.gz_A 2-dehydro-3-deoxy-galactarate aldolase from Escherichia coli	0.097	241	200	4	226	13	253	7.088E-03	97
LOKIASV2_4297_ESMFold_hypothetical_protein	1xdl-assembly1.cif.gz_B	LOKIASV2_4297_ESMFold_hypothetical_protein	1xdl-assembly1.cif.gz_B Structure of human aldolase B associated with hereditary fructose intolerance (A149P), at 277K	0.088	265	196	9	224	24	288	2.029E-03	97
LOKIASV2_4297_ESMFold_hypothetical_protein	3vfc-assembly1.cif.gz_A-2	LOKIASV2_4297_ESMFold_hypothetical_protein	3vfc-assembly1.cif.gz_A-2 Crystal structure of enolase MSMEG_6132 (TARGET EFI-502282) from Mycobacterium smegmatis str. MC2 155 complexed with tartrate	0.102	176	153	23	198	173	343	1.710E-03	97
LOKIASV2_4297_ESMFold_hypothetical_protein	6mdy-assembly1.cif.gz_A	LOKIASV2_4297_ESMFold_hypothetical_protein	6mdy-assembly1.cif.gz_A Crystal structure of a 2-dehydro-3-deoxyphosphooctonate aldolase from Legionella pneumophila Philadelphia 1	0.131	219	189	7	224	13	231	5.806E-04	96
LOKIASV2_4297_ESMFold_hypothetical_protein	3ik4-assembly5.cif.gz_B	LOKIASV2_4297_ESMFold_hypothetical_protein	3ik4-assembly5.cif.gz_B CRYSTAL STRUCTURE OF mandelate racemase/muconate lactonizing protein from Herpetosiphon aurantiacus	0.110	193	168	7	199	132	321	2.406E-03	96
LOKIASV2_4297_ESMFold_hypothetical_protein	4m3p-assembly1.cif.gz_A	LOKIASV2_4297_ESMFold_hypothetical_protein	4m3p-assembly1.cif.gz_A Betaine-Homocysteine S-Methyltransferase from Homo sapiens complexed with Homocysteine	0.086	248	191	16	225	40	287	7.942E-03	96
LOKIASV2_4297_ESMFold_hypothetical_protein	2y0f-assembly1.cif.gz_C	LOKIASV2_4297_ESMFold_hypothetical_protein	2y0f-assembly1.cif.gz_C STRUCTURE OF GCPE (IspG) FROM THERMUS THERMOPHILUS HB27	0.097	254	197	7	225	19	272	1.025E-03	96
LOKIASV2_4297_ESMFold_hypothetical_protein	7qdx-assembly1.cif.gz_A	LOKIASV2_4297_ESMFold_hypothetical_protein	7qdx-assembly1.cif.gz_A bacterial IMPDH chimera	0.118	225	190	10	225	154	378	1.616E-03	96
LOKIASV2_4297_ESMFold_hypothetical_protein	3ik4-assembly5.cif.gz_A	LOKIASV2_4297_ESMFold_hypothetical_protein	3ik4-assembly5.cif.gz_A CRYSTAL STRUCTURE OF mandelate racemase/muconate lactonizing protein from Herpetosiphon aurantiacus	0.094	193	171	7	199	124	313	3.197E-03	95
LOKIASV2_4297_ESMFold_hypothetical_protein	4fx7-assembly4.cif.gz_D	LOKIASV2_4297_ESMFold_hypothetical_protein	4fx7-assembly4.cif.gz_D Structure of Sym2 D9V+D55V+D130V+D176V	0.143	236	175	11	215	3	238	1.663E-02	92
LOKIASV2_4297_ESMFold_hypothetical_protein	3cpr-assembly1.cif.gz_A	LOKIASV2_4297_ESMFold_hypothetical_protein	3cpr-assembly1.cif.gz_A The crystal structure of Corynebacterium glutamicum dihydrodipicolinate synthase to 2.2 A resolution	0.134	234	193	2	225	11	244	5.334E-03	92
LOKIASV2_4297_ESMFold_hypothetical_protein	6chu-assembly1.cif.gz_A	LOKIASV2_4297_ESMFold_hypothetical_protein	6chu-assembly1.cif.gz_A CRYSTAL STRUCTURE OF PROTEIN CITE FROM MYCOBACTERIUM TUBERCULOSIS IN COMPLEX WITH MAGNESIUM AND ACETATE	0.111	237	200	1	226	2	238	9.970E-03	91
LOKIASV2_4297_ESMFold_hypothetical_protein	3b8i-assembly1.cif.gz_D	LOKIASV2_4297_ESMFold_hypothetical_protein	3b8i-assembly1.cif.gz_D Crystal Structure of Oxaloacetate Decarboxylase from Pseudomonas Aeruginosa (PA4872) in complex with oxalate and Mg2+.	0.096	252	196	8	225	19	270	5.039E-03	90
LOKIASV2_4297_ESMFold_hypothetical_protein	7lh6-assembly1.cif.gz_A	LOKIASV2_4297_ESMFold_hypothetical_protein	7lh6-assembly1.cif.gz_A The structure of Bacteroides plebeius L-galactose dehydrogenase	0.075	251	202	8	226	13	263	5.039E-03	90
LOKIASV2_4297_ESMFold_hypothetical_protein	3tdn-assembly2.cif.gz_B	LOKIASV2_4297_ESMFold_hypothetical_protein	3tdn-assembly2.cif.gz_B Computationally designed two-fold symmetric Tim-barrel protein, FLR	0.130	232	179	11	217	4	235	1.325E-02	89
LOKIASV2_4297_ESMFold_hypothetical_protein	4i7v-assembly1.cif.gz_C	LOKIASV2_4297_ESMFold_hypothetical_protein	4i7v-assembly1.cif.gz_C Agrobacterium tumefaciens DHDPS with pyruvate	0.116	223	190	9	224	3	225	1.571E-02	89
LOKIASV2_4297_ESMFold_hypothetical_protein	7qbj-assembly1.cif.gz_A	LOKIASV2_4297_ESMFold_hypothetical_protein	7qbj-assembly1.cif.gz_A bacterial IMPDH chimera	0.131	210	173	10	209	155	364	3.020E-03	89
LOKIASV2_4297_ESMFold_hypothetical_protein	3ik4-assembly3.cif.gz_C	LOKIASV2_4297_ESMFold_hypothetical_protein	3ik4-assembly3.cif.gz_C CRYSTAL STRUCTURE OF mandelate racemase/muconate lactonizing protein from Herpetosiphon aurantiacus	0.092	193	172	7	199	123	312	1.055E-02	88
LOKIASV2_4297_ESMFold_hypothetical_protein	1wue-assembly1.cif.gz_B	LOKIASV2_4297_ESMFold_hypothetical_protein	1wue-assembly1.cif.gz_B Crystal structure of protein GI:29375081, unknown member of enolase superfamily from enterococcus faecalis V583	0.100	193	167	8	200	134	320	3.384E-03	88
LOKIASV2_4297_ESMFold_hypothetical_protein	2zad-assembly1.cif.gz_A	LOKIASV2_4297_ESMFold_hypothetical_protein	2zad-assembly1.cif.gz_A Crystal Structure of Muconate Cycloisomerase from Thermotoga maritima MSB8	0.144	214	169	5	218	124	321	4.014E-03	87
LOKIASV2_4297_ESMFold_hypothetical_protein	1wuf-assembly1.cif.gz_B	LOKIASV2_4297_ESMFold_hypothetical_protein	1wuf-assembly1.cif.gz_B Crystal structure of protein GI:16801725, member of Enolase superfamily from Listeria innocua Clip11262	0.090	194	167	8	201	133	316	2.273E-03	87
LOKIASV2_4297_ESMFold_hypothetical_protein	3t4c-assembly1.cif.gz_C	LOKIASV2_4297_ESMFold_hypothetical_protein	3t4c-assembly1.cif.gz_C Crystal structure of 2-dehydro-3-deoxyphosphooctonate aldolase from Burkholderia ambifaria	0.145	235	184	9	224	15	249	2.474E-04	86
LOKIASV2_4297_ESMFold_hypothetical_protein	3u9i-assembly1.cif.gz_B	LOKIASV2_4297_ESMFold_hypothetical_protein	3u9i-assembly1.cif.gz_B The crystal structure of Mandelate racemase/muconate lactonizing enzyme from Roseiflexus sp.	0.060	193	180	7	199	122	314	5.334E-03	86
LOKIASV2_4297_ESMFold_hypothetical_protein	7exz-assembly1.cif.gz_A	LOKIASV2_4297_ESMFold_hypothetical_protein	7exz-assembly1.cif.gz_A DgpB-DgpC complex apo 2.5 angstrom	0.101	322	196	7	225	1	322	3.792E-03	84
LOKIASV2_4297_ESMFold_hypothetical_protein	6as5-assembly1.cif.gz_A	LOKIASV2_4297_ESMFold_hypothetical_protein	6as5-assembly1.cif.gz_A CRYSTAL STRUCTURE OF PROTEIN CitE FROM MYCOBACTERIUM TUBERCULOSIS IN COMPLEX WITH MAGNESIUM, ACETOACETATE AND COENZYME A	0.087	218	194	5	217	2	219	1.484E-02	83
LOKIASV2_4297_ESMFold_hypothetical_protein	1lt7-assembly1.cif.gz_A	LOKIASV2_4297_ESMFold_hypothetical_protein	1lt7-assembly1.cif.gz_A Oxidized Homo sapiens betaine-homocysteine S-methyltransferase in complex with four Sm(III) ions	0.099	238	184	21	225	35	272	3.109E-02	82
LOKIASV2_4297_ESMFold_hypothetical_protein	6c8v-assembly1.cif.gz_A	LOKIASV2_4297_ESMFold_hypothetical_protein	6c8v-assembly1.cif.gz_A X-ray structure of PqqE from Methylobacterium extorquens	0.100	194	156	6	179	2	195	9.419E-03	82
LOKIASV2_4297_ESMFold_hypothetical_protein	6hqv-assembly1.cif.gz_A	LOKIASV2_4297_ESMFold_hypothetical_protein	6hqv-assembly1.cif.gz_A Pentafunctional AROM Complex from Chaetomium thermophilum	0.073	198	172	4	201	1027	1213	2.547E-03	82
LOKIASV2_4297_ESMFold_hypothetical_protein	6zpl-assembly1.cif.gz_C	LOKIASV2_4297_ESMFold_hypothetical_protein	6zpl-assembly1.cif.gz_C Inward-open structure of human glycine transporter 1 in complex with a benzoylisoindoline inhibitor, sybody Sb_GlyT1#7 and bound Na and Cl ions.	0.071	271	200	11	226	3	273	1.442E-03	81
LOKIASV2_4297_ESMFold_hypothetical_protein	4ast-assembly1.cif.gz_E	LOKIASV2_4297_ESMFold_hypothetical_protein	4ast-assembly1.cif.gz_E The apo structure of a bacterial aldo-keto reductase AKR14A1	0.101	262	190	11	222	27	288	1.484E-02	81
LOKIASV2_4297_ESMFold_hypothetical_protein	2zc8-assembly1.cif.gz_A	LOKIASV2_4297_ESMFold_hypothetical_protein	2zc8-assembly1.cif.gz_A Crystal structure of N-Acylamino Acid Racemase from Thermus thermophilus HB8	0.130	193	161	3	195	121	306	7.503E-03	81
LOKIASV2_4297_ESMFold_hypothetical_protein	1ec7-assembly1.cif.gz_A	LOKIASV2_4297_ESMFold_hypothetical_protein	1ec7-assembly1.cif.gz_A E. COLI GLUCARATE DEHYDRATASE NATIVE ENZYME	0.102	165	146	36	200	187	350	2.088E-02	81
LOKIASV2_4297_ESMFold_hypothetical_protein	4ast-assembly1.cif.gz_B	LOKIASV2_4297_ESMFold_hypothetical_protein	4ast-assembly1.cif.gz_B The apo structure of a bacterial aldo-keto reductase AKR14A1	0.095	281	198	3	222	9	289	1.973E-02	80
LOKIASV2_4297_ESMFold_hypothetical_protein	3u9i-assembly1.cif.gz_A	LOKIASV2_4297_ESMFold_hypothetical_protein	3u9i-assembly1.cif.gz_A The crystal structure of Mandelate racemase/muconate lactonizing enzyme from Roseiflexus sp.	0.077	195	176	5	199	118	309	1.055E-02	80
LOKIASV2_4297_ESMFold_hypothetical_protein	3fkk-assembly1.cif.gz_A	LOKIASV2_4297_ESMFold_hypothetical_protein	3fkk-assembly1.cif.gz_A Structure of L-2-keto-3-deoxyarabonate dehydratase	0.100	236	196	7	225	1	236	3.484E-02	79
LOKIASV2_4297_ESMFold_hypothetical_protein	1w6t-assembly1.cif.gz_B	LOKIASV2_4297_ESMFold_hypothetical_protein	1w6t-assembly1.cif.gz_B Crystal Structure Of Octameric Enolase From Streptococcus pneumoniae	0.115	99	84	21	119	274	369	4.629E-02	79
LOKIASV2_4297_ESMFold_hypothetical_protein	1xs2-assembly2.cif.gz_D	LOKIASV2_4297_ESMFold_hypothetical_protein	1xs2-assembly2.cif.gz_D Structural Basis for Catalytic Racemization and Substrate Specificity of an N-Acylamino Acid Racemase Homologue from Deinococcus radiodurans	0.092	186	157	8	193	123	296	1.484E-02	78
LOKIASV2_4297_ESMFold_hypothetical_protein	3n6j-assembly1.cif.gz_B	LOKIASV2_4297_ESMFold_hypothetical_protein	3n6j-assembly1.cif.gz_B Crystal structure of Mandelate racemase/muconate lactonizing protein from Actinobacillus succinogenes 130Z	0.111	219	176	28	226	182	400	1.117E-02	78
LOKIASV2_4297_ESMFold_hypothetical_protein	7s8w-assembly1.cif.gz_A	LOKIASV2_4297_ESMFold_hypothetical_protein	7s8w-assembly1.cif.gz_A Amycolatopsis sp. T-1-60 N-succinylamino acid racemase/o-succinylbenzoate synthase R266Q mutant in complex with N-succinylphenylglycine	0.099	203	174	8	210	129	322	3.109E-02	77
LOKIASV2_4297_ESMFold_hypothetical_protein	6hqv-assembly1.cif.gz_B	LOKIASV2_4297_ESMFold_hypothetical_protein	6hqv-assembly1.cif.gz_B Pentafunctional AROM Complex from Chaetomium thermophilum	0.073	198	172	4	201	1008	1194	5.646E-03	77
LOKIASV2_4297_ESMFold_hypothetical_protein	4i7u-assembly1.cif.gz_A	LOKIASV2_4297_ESMFold_hypothetical_protein	4i7u-assembly1.cif.gz_A Dihydrodipicolinate Synthase of Agrobacterium tumefaciens	0.130	233	185	9	222	3	235	2.937E-02	76
LOKIASV2_4297_ESMFold_hypothetical_protein	4v59-assembly1.cif.gz_H	LOKIASV2_4297_ESMFold_hypothetical_protein	4v59-assembly1.cif.gz_H Crystal structure of fatty acid synthase complexed with nadp+ from thermomyces lanuginosus at 3.1 angstrom resolution.	0.111	211	169	11	201	585	795	2.340E-02	76
LOKIASV2_4297_ESMFold_hypothetical_protein	4m0x-assembly1.cif.gz_B	LOKIASV2_4297_ESMFold_hypothetical_protein	4m0x-assembly1.cif.gz_B Crystal structure of 2-chloromuconate cycloisomerase from Rhodococcus opacus 1CP	0.113	190	161	8	197	127	308	3.291E-02	75
LOKIASV2_4297_ESMFold_hypothetical_protein	3ch0-assembly1.cif.gz_A	LOKIASV2_4297_ESMFold_hypothetical_protein	3ch0-assembly1.cif.gz_A Crystal structure of glycerophosphoryl diester phosphodiesterase (YP_677622.1) from Cytophaga hutchinsonii ATCC 33406 at 1.50 A resolution	0.085	169	139	50	218	118	270	1.571E-02	74
LOKIASV2_4297_ESMFold_hypothetical_protein	5gk7-assembly1.cif.gz_B	LOKIASV2_4297_ESMFold_hypothetical_protein	5gk7-assembly1.cif.gz_B Structure of E.Coli fructose 1,6-bisphosphate aldolase bound to Tris	0.107	236	177	3	201	26	261	2.937E-02	74
LOKIASV2_4297_ESMFold_hypothetical_protein	2ggi-assembly1.cif.gz_A	LOKIASV2_4297_ESMFold_hypothetical_protein	2ggi-assembly1.cif.gz_A The mutant E149C-A182C of Deinococcus Radiodurans N-acylamino acid racemase	0.080	186	159	8	193	123	296	1.325E-02	74
LOKIASV2_4297_ESMFold_hypothetical_protein	5fjp-assembly2.cif.gz_A	LOKIASV2_4297_ESMFold_hypothetical_protein	5fjp-assembly2.cif.gz_A N-acyl amino acid racemase from Amycolatopsis sp Ts-1-60: G291D F323Y I293G mutant in complex with N-acetyl naphthylalanine	0.099	203	172	8	210	131	322	2.477E-02	74
LOKIASV2_4297_ESMFold_hypothetical_protein	1tzz-assembly1.cif.gz_A	LOKIASV2_4297_ESMFold_hypothetical_protein	1tzz-assembly1.cif.gz_A Crystal structure of the protein L1841, unknown member of enolase superfamily from Bradyrhizobium japonicum	0.121	149	127	76	224	152	297	6.893E-02	74
LOKIASV2_4297_ESMFold_hypothetical_protein	3es7-assembly1.cif.gz_A	LOKIASV2_4297_ESMFold_hypothetical_protein	3es7-assembly1.cif.gz_A Crystal structure of divergent enolase from Oceanobacillus Iheyensis complexed with Mg and L-malate.	0.119	190	165	8	197	127	314	1.973E-02	74
LOKIASV2_4297_ESMFold_hypothetical_protein	7tol-assembly1.cif.gz_A	LOKIASV2_4297_ESMFold_hypothetical_protein	7tol-assembly1.cif.gz_A X-ray crystal structure of glycerol dibiphytanyl glycerol tetraether - macrocyclic archaeol synthase (GDGT-MAS) from Methanocaldococcus jannaschii with archaeal lipid, 5'deoxyadenosine, and methionine bound	0.120	219	142	5	166	84	302	9.419E-03	74
LOKIASV2_4297_ESMFold_hypothetical_protein	7s8w-assembly1.cif.gz_D-2	LOKIASV2_4297_ESMFold_hypothetical_protein	7s8w-assembly1.cif.gz_D-2 Amycolatopsis sp. T-1-60 N-succinylamino acid racemase/o-succinylbenzoate synthase R266Q mutant in complex with N-succinylphenylglycine	0.099	203	173	8	210	130	322	4.900E-02	73
LOKIASV2_4297_ESMFold_hypothetical_protein	7q5s-assembly1.cif.gz_C	LOKIASV2_4297_ESMFold_hypothetical_protein	7q5s-assembly1.cif.gz_C Protein community member fatty acid synthase complex from C. thermophilum	0.120	221	177	8	209	559	779	5.187E-02	73
LOKIASV2_4297_ESMFold_hypothetical_protein	4ast-assembly1.cif.gz_D	LOKIASV2_4297_ESMFold_hypothetical_protein	4ast-assembly1.cif.gz_D The apo structure of a bacterial aldo-keto reductase AKR14A1	0.117	260	186	11	222	27	286	3.484E-02	72
LOKIASV2_4297_ESMFold_hypothetical_protein	2qdd-assembly1.cif.gz_A	LOKIASV2_4297_ESMFold_hypothetical_protein	2qdd-assembly1.cif.gz_A Crystal structure of a member of enolase superfamily from Roseovarius nubinhibens ISM	0.127	197	166	5	201	129	319	2.340E-02	72
LOKIASV2_4297_ESMFold_hypothetical_protein	1eh9-assembly1.cif.gz_A-2	LOKIASV2_4297_ESMFold_hypothetical_protein	1eh9-assembly1.cif.gz_A-2 CRYSTAL STRUCTURE OF SULFOLOBUS SOLFATARICUS GLYCOSYLTREHALOSE TREHALOHYDROLASE	0.117	188	106	64	184	102	289	1.252E-02	72
LOKIASV2_4297_ESMFold_hypothetical_protein	3ddm-assembly1.cif.gz_A	LOKIASV2_4297_ESMFold_hypothetical_protein	3ddm-assembly1.cif.gz_A CRYSTAL STRUCTURE OF MANDELATE RACEMASE/MUCONATE LACTONIZING ENZYME FROM Bordetella bronchiseptica RB50	0.111	216	185	6	221	129	337	2.937E-02	71
LOKIASV2_4297_ESMFold_hypothetical_protein	1sja-assembly1.cif.gz_A	LOKIASV2_4297_ESMFold_hypothetical_protein	1sja-assembly1.cif.gz_A X-ray structure of o-Succinylbenzoate Synthase complexed with N-acetylmethionine	0.100	190	159	8	197	131	308	3.109E-02	71
LOKIASV2_4297_ESMFold_hypothetical_protein	3vc6-assembly1.cif.gz_A	LOKIASV2_4297_ESMFold_hypothetical_protein	3vc6-assembly1.cif.gz_A Crystal structure of enolase Tbis_1083(TARGET EFI-502310) FROM Thermobispora bispora DSM 43833 complexed with magnesium and formate	0.121	185	158	14	198	165	345	3.291E-02	71
LOKIASV2_4297_ESMFold_hypothetical_protein	3my9-assembly1.cif.gz_A	LOKIASV2_4297_ESMFold_hypothetical_protein	3my9-assembly1.cif.gz_A Crystal structure of a muconate cycloisomerase from Azorhizobium caulinodans	0.112	192	170	8	199	119	310	2.775E-02	70
LOKIASV2_4297_ESMFold_hypothetical_protein	3pwg-assembly2.cif.gz_D	LOKIASV2_4297_ESMFold_hypothetical_protein	3pwg-assembly2.cif.gz_D Crystal structure of the mutant S29G.P34A of D-Glucarate dehydratase from Escherichia coli complexed with product 5-keto-4-deoxy-D-Glucarate	0.085	165	149	36	200	185	348	5.490E-02	70
LOKIASV2_4297_ESMFold_hypothetical_protein	6qkb-assembly1.cif.gz_B	LOKIASV2_4297_ESMFold_hypothetical_protein	6qkb-assembly1.cif.gz_B Crystal structure of the beta-hydroxyaspartate aldolase of Paracoccus denitrificans	0.138	219	171	7	225	25	223	9.419E-03	69
LOKIASV2_4297_ESMFold_hypothetical_protein	7loy-assembly3.cif.gz_D	LOKIASV2_4297_ESMFold_hypothetical_protein	7loy-assembly3.cif.gz_D Dihydrodipicolinate synthase with pyruvate from Candidatus Liberibacter solanacearum	0.079	210	178	12	221	5	198	2.621E-02	68
LOKIASV2_4297_ESMFold_hypothetical_protein	7c0e-assembly3.cif.gz_J	LOKIASV2_4297_ESMFold_hypothetical_protein	7c0e-assembly3.cif.gz_J Crystal structure of Azospirillum brasilense L-2-keto-3-deoxyarabonate dehydratase (2-oxobutyrate-bound form)	0.095	235	197	7	225	1	235	2.937E-02	68
LOKIASV2_4297_ESMFold_hypothetical_protein	4dhg-assembly1.cif.gz_A	LOKIASV2_4297_ESMFold_hypothetical_protein	4dhg-assembly1.cif.gz_A Crystal structure of enolase TBIS_1083(TARGET EFI-502310) from Thermobispora bispora dsm 43833, an open loop conformation	0.110	189	158	3	181	139	327	2.340E-02	68
LOKIASV2_4297_ESMFold_hypothetical_protein	6qky-assembly2.cif.gz_D	LOKIASV2_4297_ESMFold_hypothetical_protein	6qky-assembly2.cif.gz_D Tryptophan synthase subunit alpha from Streptococcus pneumoniae with 3D domain swap in the core of TIM barrel	0.095	186	139	22	207	81	235	4.373E-02	67
LOKIASV2_4297_ESMFold_hypothetical_protein	2fkp-assembly1.cif.gz_A	LOKIASV2_4297_ESMFold_hypothetical_protein	2fkp-assembly1.cif.gz_A The mutant G127C-T313C of Deinococcus Radiodurans N-acylamino acid racemase	0.098	170	143	8	177	123	281	1.761E-02	67
LOKIASV2_4297_ESMFold_hypothetical_protein	1xpy-assembly2.cif.gz_D	LOKIASV2_4297_ESMFold_hypothetical_protein	1xpy-assembly2.cif.gz_D Structural Basis for Catalytic Racemization and Substrate Specificity of an N-Acylamino Acid Racemase Homologue from Deinococcus radiodurans	0.098	186	156	8	193	133	306	6.152E-02	67
LOKIASV2_4297_ESMFold_hypothetical_protein	7e2b-assembly1.cif.gz_A	LOKIASV2_4297_ESMFold_hypothetical_protein	7e2b-assembly1.cif.gz_A GDPD mutant complex from Pyrococcus furiosus DSM 3638	0.116	232	172	5	200	4	235	3.687E-02	66
LOKIASV2_4297_ESMFold_hypothetical_protein	3caw-assembly1.cif.gz_A	LOKIASV2_4297_ESMFold_hypothetical_protein	3caw-assembly1.cif.gz_A Crystal structure of o-succinylbenzoate synthase from Bdellovibrio bacteriovorus liganded with Mg	0.107	216	171	6	221	84	276	2.340E-02	66
LOKIASV2_4297_ESMFold_hypothetical_protein	2ggg-assembly1.cif.gz_A	LOKIASV2_4297_ESMFold_hypothetical_protein	2ggg-assembly1.cif.gz_A The mutant A68C-D72C of Deinococcus Radiodurans N-acylamino acid racemase	0.095	186	157	8	193	123	296	4.629E-02	65
LOKIASV2_4297_ESMFold_hypothetical_protein	3m1r-assembly2.cif.gz_A	LOKIASV2_4297_ESMFold_hypothetical_protein	3m1r-assembly2.cif.gz_A The crystal structure of formimidoylglutamase from Bacillus subtilis subsp. subtilis str. 168	0.119	276	190	9	225	39	314	1.916E-03	64
LOKIASV2_4297_ESMFold_hypothetical_protein	3mwc-assembly1.cif.gz_A-2	LOKIASV2_4297_ESMFold_hypothetical_protein	3mwc-assembly1.cif.gz_A-2 Crystal structure of probable o-succinylbenzoic acid synthetase from kosmotoga olearia	0.088	205	184	5	209	146	348	6.512E-02	64
LOKIASV2_4297_ESMFold_hypothetical_protein	7yqa-assembly2.cif.gz_D	LOKIASV2_4297_ESMFold_hypothetical_protein	7yqa-assembly2.cif.gz_D Crystal structure of D-threonine aldolase from Chlamydomonas reinhardtii	0.118	217	175	9	225	25	223	2.088E-02	64
LOKIASV2_4297_ESMFold_hypothetical_protein	7e0v-assembly1.cif.gz_A	LOKIASV2_4297_ESMFold_hypothetical_protein	7e0v-assembly1.cif.gz_A GDPD from Pyrococcus furiosus DSM 3638	0.113	244	193	5	223	4	247	9.160E-02	63
LOKIASV2_4297_ESMFold_hypothetical_protein	2v3g-assembly1.cif.gz_A	LOKIASV2_4297_ESMFold_hypothetical_protein	2v3g-assembly1.cif.gz_A Structure of a family 26 lichenase in complex with noeuromycin	0.069	269	197	10	222	3	271	3.109E-02	63
LOKIASV2_4297_ESMFold_hypothetical_protein	2ggj-assembly1.cif.gz_A	LOKIASV2_4297_ESMFold_hypothetical_protein	2ggj-assembly1.cif.gz_A The mutant Y218C of Deinococcus Radiodurans N-acylamino acid racemase	0.082	170	145	8	177	123	281	5.187E-02	63
LOKIASV2_4297_ESMFold_hypothetical_protein	3qld-assembly1.cif.gz_B	LOKIASV2_4297_ESMFold_hypothetical_protein	3qld-assembly1.cif.gz_B Structure of Probable Mandelate Racemase (AaLAA1DRAFT_2112) from Alicyclobacillus Acidocaldarius	0.093	191	169	7	197	131	317	9.696E-02	63
LOKIASV2_4297_ESMFold_hypothetical_protein	3r1z-assembly1.cif.gz_A	LOKIASV2_4297_ESMFold_hypothetical_protein	3r1z-assembly1.cif.gz_A Crystal structure of NYSGRC enolase target 200555, a putative dipeptide epimerase from Francisella philomiragia : Complex with L-Ala-L-Glu and L-Ala-D-Glu	0.122	194	169	6	199	128	320	1.150E-01	62
LOKIASV2_4297_ESMFold_hypothetical_protein	7dib-assembly1.cif.gz_B	LOKIASV2_4297_ESMFold_hypothetical_protein	7dib-assembly1.cif.gz_B Crystal structure of D-threonine aldolase from Filomicrobium marinum	0.109	181	139	53	209	71	251	2.775E-02	62
LOKIASV2_4297_ESMFold_hypothetical_protein	3e0l-assembly1.cif.gz_B	LOKIASV2_4297_ESMFold_hypothetical_protein	3e0l-assembly1.cif.gz_B Computationally Designed Ammelide Deaminase	0.099	275	194	8	223	69	343	2.621E-02	62
LOKIASV2_4297_ESMFold_hypothetical_protein	4m7t-assembly1.cif.gz_A	LOKIASV2_4297_ESMFold_hypothetical_protein	4m7t-assembly1.cif.gz_A Crystal structure of BtrN in complex with AdoMet and 2-DOIA	0.141	140	94	7	117	4	143	1.150E-01	61
LOKIASV2_4297_ESMFold_hypothetical_protein	6qky-assembly2.cif.gz_C	LOKIASV2_4297_ESMFold_hypothetical_protein	6qky-assembly2.cif.gz_C Tryptophan synthase subunit alpha from Streptococcus pneumoniae with 3D domain swap in the core of TIM barrel	0.108	186	141	22	207	81	239	7.723E-02	61
LOKIASV2_4297_ESMFold_hypothetical_protein	5exk-assembly6.cif.gz_K	LOKIASV2_4297_ESMFold_hypothetical_protein	5exk-assembly6.cif.gz_K Crystal structure of M. tuberculosis lipoyl synthase with 6-thiooctanoyl peptide intermediate	0.125	189	164	36	224	108	295	6.696E-03	61
LOKIASV2_4297_ESMFold_hypothetical_protein	6cj3-assembly1.cif.gz_A	LOKIASV2_4297_ESMFold_hypothetical_protein	6cj3-assembly1.cif.gz_A CRYSTAL STRUCTURE OF PROTEIN CITE FROM MYCOBACTERIUM TUBERCULOSIS IN COMPLEX WITH MAGNESIUM AND PYRUVATE	0.115	237	196	5	226	3	239	2.775E-02	60
LOKIASV2_4297_ESMFold_hypothetical_protein	3cbw-assembly2.cif.gz_B	LOKIASV2_4297_ESMFold_hypothetical_protein	3cbw-assembly2.cif.gz_B Crystal structure of the YdhT protein from Bacillus subtilis	0.080	276	198	6	221	28	303	4.629E-02	59
LOKIASV2_4297_ESMFold_hypothetical_protein	7vi8-assembly1.cif.gz_A	LOKIASV2_4297_ESMFold_hypothetical_protein	7vi8-assembly1.cif.gz_A Crystal structure of ChbG	0.111	225	188	10	221	5	229	2.210E-02	58
LOKIASV2_4297_ESMFold_hypothetical_protein	2z2b-assembly1.cif.gz_A-2	LOKIASV2_4297_ESMFold_hypothetical_protein	2z2b-assembly1.cif.gz_A-2 Deletion 107-116 mutant of dihydroorotase from E. coli	0.115	265	192	8	225	7	271	6.512E-02	58
LOKIASV2_4297_ESMFold_hypothetical_protein	6cj4-assembly1.cif.gz_A	LOKIASV2_4297_ESMFold_hypothetical_protein	6cj4-assembly1.cif.gz_A CRYSTAL STRUCTURE OF PROTEIN CITE FROM MYCOBACTERIUM TUBERCULOSIS IN COMPLEX WITH MAGNESIUM AND ACETOACETATE	0.105	239	201	1	226	1	239	4.373E-02	57
LOKIASV2_4297_ESMFold_hypothetical_protein	4oec-assembly4.cif.gz_D	LOKIASV2_4297_ESMFold_hypothetical_protein	4oec-assembly4.cif.gz_D Crystal structure of glycerophosphodiester phosphodiesterase from Thermococcus kodakarensis KOD1	0.143	171	132	53	223	90	244	2.698E-01	57
LOKIASV2_4297_ESMFold_hypothetical_protein	4moz-assembly1.cif.gz_C	LOKIASV2_4297_ESMFold_hypothetical_protein	4moz-assembly1.cif.gz_C Fructose-bisphosphate aldolase from Slackia heliotrinireducens DSM 20476	0.134	220	170	24	220	65	284	2.031E-01	57
LOKIASV2_4297_ESMFold_hypothetical_protein	2ggg-assembly1.cif.gz_C	LOKIASV2_4297_ESMFold_hypothetical_protein	2ggg-assembly1.cif.gz_C The mutant A68C-D72C of Deinococcus Radiodurans N-acylamino acid racemase	0.089	184	158	10	193	133	306	1.528E-01	57
LOKIASV2_4297_ESMFold_hypothetical_protein	4jhm-assembly1.cif.gz_E	LOKIASV2_4297_ESMFold_hypothetical_protein	4jhm-assembly1.cif.gz_E Crystal structure of a putative mandelate racemase/muconate lactonizing enzyme from Pseudovibrio sp.	0.064	208	185	8	215	132	330	2.408E-01	57
LOKIASV2_4297_ESMFold_hypothetical_protein	5exi-assembly1.cif.gz_A	LOKIASV2_4297_ESMFold_hypothetical_protein	5exi-assembly1.cif.gz_A Crystal structure of M. tuberculosis lipoyl synthase at 2.28 A resolution	0.107	194	170	36	226	85	278	2.477E-02	56
LOKIASV2_4297_ESMFold_hypothetical_protein	3m1r-assembly1.cif.gz_D	LOKIASV2_4297_ESMFold_hypothetical_protein	3m1r-assembly1.cif.gz_D The crystal structure of formimidoylglutamase from Bacillus subtilis subsp. subtilis str. 168	0.125	277	189	6	222	38	314	5.646E-03	56
LOKIASV2_4297_ESMFold_hypothetical_protein	4hcd-assembly1.cif.gz_A	LOKIASV2_4297_ESMFold_hypothetical_protein	4hcd-assembly1.cif.gz_A Crystal structure of D-glucarate dehydratase from agrobacterium tumefaciens complexed with magnesium	0.095	199	176	8	202	134	332	3.024E-01	56
LOKIASV2_4297_ESMFold_hypothetical_protein	1h3g-assembly2.cif.gz_B	LOKIASV2_4297_ESMFold_hypothetical_protein	1h3g-assembly2.cif.gz_B Cyclomaltodextrinase from Flavobacterium sp. No. 92: from DNA sequence to protein structure	0.092	366	192	6	217	101	466	1.026E-01	56
LOKIASV2_4297_ESMFold_hypothetical_protein	3cbw-assembly1.cif.gz_A	LOKIASV2_4297_ESMFold_hypothetical_protein	3cbw-assembly1.cif.gz_A Crystal structure of the YdhT protein from Bacillus subtilis	0.088	289	196	6	221	29	317	1.026E-01	55
LOKIASV2_4297_ESMFold_hypothetical_protein	4m7s-assembly1.cif.gz_A	LOKIASV2_4297_ESMFold_hypothetical_protein	4m7s-assembly1.cif.gz_A Crystal structure of SeMet BtrN in an OPEN conformation	0.140	121	95	7	117	4	124	1.086E-01	54
LOKIASV2_4297_ESMFold_hypothetical_protein	4a6g-assembly1.cif.gz_A	LOKIASV2_4297_ESMFold_hypothetical_protein	4a6g-assembly1.cif.gz_A N-acyl amino acid racemase from Amycalotopsis sp. Ts-1-60: G291D- F323Y mutant in complex with N-acetyl methionine	0.094	203	173	8	210	131	322	3.200E-01	54
LOKIASV2_4297_ESMFold_hypothetical_protein	6qky-assembly4.cif.gz_G	LOKIASV2_4297_ESMFold_hypothetical_protein	6qky-assembly4.cif.gz_G Tryptophan synthase subunit alpha from Streptococcus pneumoniae with 3D domain swap in the core of TIM barrel	0.059	184	134	17	200	80	222	1.086E-01	53
LOKIASV2_4297_ESMFold_hypothetical_protein	3qld-assembly1.cif.gz_A	LOKIASV2_4297_ESMFold_hypothetical_protein	3qld-assembly1.cif.gz_A Structure of Probable Mandelate Racemase (AaLAA1DRAFT_2112) from Alicyclobacillus Acidocaldarius	0.092	192	170	6	197	134	321	3.024E-01	53
LOKIASV2_4297_ESMFold_hypothetical_protein	1olt-assembly1.cif.gz_A	LOKIASV2_4297_ESMFold_hypothetical_protein	1olt-assembly1.cif.gz_A Coproporphyrinogen III oxidase (HemN) from Escherichia coli is a Radical SAM enzyme.	0.091	212	186	5	216	39	244	3.291E-02	53
LOKIASV2_4297_ESMFold_hypothetical_protein	2whk-assembly1.cif.gz_A	LOKIASV2_4297_ESMFold_hypothetical_protein	2whk-assembly1.cif.gz_A Structure of Bacillus subtilis mannanase man26	0.079	283	199	5	221	31	313	7.723E-02	52
LOKIASV2_4297_ESMFold_hypothetical_protein	3fvd-assembly1.cif.gz_B	LOKIASV2_4297_ESMFold_hypothetical_protein	3fvd-assembly1.cif.gz_B Crystal structure of a member of enolase superfamily from ROSEOVARIUS NUBINHIBENS ISM complexed with magnesium	0.113	194	167	8	201	131	319	3.200E-01	52
LOKIASV2_4297_ESMFold_hypothetical_protein	5e70-assembly1.cif.gz_A	LOKIASV2_4297_ESMFold_hypothetical_protein	5e70-assembly1.cif.gz_A Crystal structure of Ecoli Branching Enzyme with gamma cyclodextrin	0.079	304	181	2	199	121	424	6.152E-02	52
LOKIASV2_4297_ESMFold_hypothetical_protein	3edf-assembly1.cif.gz_B	LOKIASV2_4297_ESMFold_hypothetical_protein	3edf-assembly1.cif.gz_B Structural base for cyclodextrin hydrolysis	0.079	400	202	6	225	101	500	1.812E-01	52
LOKIASV2_4297_ESMFold_hypothetical_protein	1jpu-assembly1.cif.gz_A	LOKIASV2_4297_ESMFold_hypothetical_protein	1jpu-assembly1.cif.gz_A Crystal Structure of Bacillus Stearothermophilus Glycerol Dehydrogenase	0.193	113	87	6	118	6	114	4.132E-02	49
LOKIASV2_4297_ESMFold_hypothetical_protein	5yyc-assembly1.cif.gz_C	LOKIASV2_4297_ESMFold_hypothetical_protein	5yyc-assembly1.cif.gz_C Crystal structure of alanine racemase from Bacillus pseudofirmus (OF4)	0.136	216	163	12	201	12	227	2.408E-01	49
LOKIASV2_4297_ESMFold_hypothetical_protein	1jq5-assembly1.cif.gz_A	LOKIASV2_4297_ESMFold_hypothetical_protein	1jq5-assembly1.cif.gz_A Bacillus Stearothermophilus Glycerol dehydrogenase complex with NAD+	0.193	113	88	6	118	6	115	8.175E-02	48
LOKIASV2_4297_ESMFold_hypothetical_protein	8sdb-assembly2.cif.gz_B	LOKIASV2_4297_ESMFold_hypothetical_protein	8sdb-assembly2.cif.gz_B Crystal Structure of E.Coli Branching Enzyme in complex with malto-octose	0.087	330	195	8	222	125	454	3.200E-01	48
LOKIASV2_4297_ESMFold_hypothetical_protein	8sdb-assembly3.cif.gz_C	LOKIASV2_4297_ESMFold_hypothetical_protein	8sdb-assembly3.cif.gz_C Crystal Structure of E.Coli Branching Enzyme in complex with malto-octose	0.069	319	180	8	201	126	444	1.444E-01	48
LOKIASV2_4297_ESMFold_hypothetical_protein	7xlf-assembly1.cif.gz_A	LOKIASV2_4297_ESMFold_hypothetical_protein	7xlf-assembly1.cif.gz_A Crystal structure of CH3-THF complex of methylenetetrahydrofolate reductase from Sphingobium sp. SYK-6	0.123	239	192	6	225	9	247	2.698E-01	47
LOKIASV2_4297_ESMFold_hypothetical_protein	3ry7-assembly1.cif.gz_A-2	LOKIASV2_4297_ESMFold_hypothetical_protein	3ry7-assembly1.cif.gz_A-2 Crystal Structure of Sa239	0.122	281	191	7	224	1	281	2.340E-02	47
LOKIASV2_4297_ESMFold_hypothetical_protein	5e6y-assembly2.cif.gz_B	LOKIASV2_4297_ESMFold_hypothetical_protein	5e6y-assembly2.cif.gz_B Crystal structure of E.Coli branching enzyme in complex with alpha cyclodextrin	0.074	280	171	1	186	114	393	1.150E-01	47
LOKIASV2_4297_ESMFold_hypothetical_protein	1m7x-assembly4.cif.gz_D	LOKIASV2_4297_ESMFold_hypothetical_protein	1m7x-assembly4.cif.gz_D The X-ray Crystallographic Structure of Branching Enzyme	0.069	344	202	8	225	122	465	1.444E-01	46
LOKIASV2_4297_ESMFold_hypothetical_protein	3edd-assembly1.cif.gz_A	LOKIASV2_4297_ESMFold_hypothetical_protein	3edd-assembly1.cif.gz_A Structural base for cyclodextrin hydrolysis	0.076	396	201	8	225	105	500	3.024E-01	46
LOKIASV2_4297_ESMFold_hypothetical_protein	1lm1-assembly1.cif.gz_A	LOKIASV2_4297_ESMFold_hypothetical_protein	1lm1-assembly1.cif.gz_A Structural studies on the synchronization of catalytic centers in glutamate synthase: native enzyme	0.136	206	175	11	216	910	1112	2.477E-02	46
LOKIASV2_4297_ESMFold_hypothetical_protein	6efn-assembly1.cif.gz_A-2	LOKIASV2_4297_ESMFold_hypothetical_protein	6efn-assembly1.cif.gz_A-2 Structure of a RiPP maturase, SkfB	0.133	215	149	6	178	93	307	6.333E-01	45
LOKIASV2_4297_ESMFold_hypothetical_protein	6znx-assembly2.cif.gz_B	LOKIASV2_4297_ESMFold_hypothetical_protein	6znx-assembly2.cif.gz_B Ribokinase from Thermus Species	0.094	267	194	10	224	1	267	6.512E-02	44
LOKIASV2_4297_ESMFold_hypothetical_protein	3pzl-assembly1.cif.gz_B	LOKIASV2_4297_ESMFold_hypothetical_protein	3pzl-assembly1.cif.gz_B The crystal structure of agmatine ureohydrolase of Thermoplasma volcanium	0.116	263	192	8	225	23	285	4.132E-02	44
LOKIASV2_4297_ESMFold_hypothetical_protein	4xda-assembly1.cif.gz_A	LOKIASV2_4297_ESMFold_hypothetical_protein	4xda-assembly1.cif.gz_A Vibrio cholerae O395 Ribokinase complexed with Ribose, ADP and Sodium ion.	0.110	224	175	7	204	1	224	2.340E-02	44
LOKIASV2_4297_ESMFold_hypothetical_protein	6s6s-assembly1.cif.gz_B	LOKIASV2_4297_ESMFold_hypothetical_protein	6s6s-assembly1.cif.gz_B Structure of Azospirillum brasilense Glutamate Synthase in a4b4 oligomeric state.	0.138	205	172	1	201	885	1089	4.629E-02	44
LOKIASV2_4297_ESMFold_hypothetical_protein	6znx-assembly1.cif.gz_A	LOKIASV2_4297_ESMFold_hypothetical_protein	6znx-assembly1.cif.gz_A Ribokinase from Thermus Species	0.111	178	139	22	178	41	218	8.175E-02	43
LOKIASV2_4297_ESMFold_hypothetical_protein	6t2b-assembly1.cif.gz_C	LOKIASV2_4297_ESMFold_hypothetical_protein	6t2b-assembly1.cif.gz_C Glycoside hydrolase family 109 from Akkermansia muciniphila in complex with GalNAc and NAD+.	0.120	129	95	9	117	29	157	2.149E-01	43
LOKIASV2_4297_ESMFold_hypothetical_protein	7ml5-assembly1.cif.gz_A	LOKIASV2_4297_ESMFold_hypothetical_protein	7ml5-assembly1.cif.gz_A Structure of the Starch Branching Enzyme I (BEI) complexed with maltododecaose from Oryza sativa L	0.093	282	153	8	177	172	453	3.796E-01	43
LOKIASV2_4297_ESMFold_hypothetical_protein	1a04-assembly2.cif.gz_B	LOKIASV2_4297_ESMFold_hypothetical_protein	1a04-assembly2.cif.gz_B THE STRUCTURE OF THE NITRATE/NITRITE RESPONSE REGULATOR PROTEIN NARL IN THE MONOCLINIC C2 CRYSTAL FORM	0.162	218	158	7	224	1	190	6.152E-02	42
LOKIASV2_4297_ESMFold_hypothetical_protein	6i5s-assembly1.cif.gz_A	LOKIASV2_4297_ESMFold_hypothetical_protein	6i5s-assembly1.cif.gz_A AH, Bottromycin amidohydrolase	0.077	179	156	8	177	77	255	2.856E-01	42
LOKIASV2_4297_ESMFold_hypothetical_protein	5e70-assembly2.cif.gz_B	LOKIASV2_4297_ESMFold_hypothetical_protein	5e70-assembly2.cif.gz_B Crystal structure of Ecoli Branching Enzyme with gamma cyclodextrin	0.069	317	182	6	201	123	439	3.024E-01	41
LOKIASV2_4297_ESMFold_hypothetical_protein	5xn8-assembly1.cif.gz_A	LOKIASV2_4297_ESMFold_hypothetical_protein	5xn8-assembly1.cif.gz_A Structure of glycerol dehydrogenase crystallised as a contaminant	0.144	113	93	6	118	5	114	2.275E-01	40
LOKIASV2_4297_ESMFold_hypothetical_protein	4pg7-assembly1.cif.gz_A	LOKIASV2_4297_ESMFold_hypothetical_protein	4pg7-assembly1.cif.gz_A Crystal structure of S. aureus Homoserine Dehydrogenase at pH7.5	0.120	121	92	10	115	7	127	4.018E-01	40
LOKIASV2_4297_ESMFold_hypothetical_protein	1ofd-assembly2.cif.gz_B	LOKIASV2_4297_ESMFold_hypothetical_protein	1ofd-assembly2.cif.gz_B Glutamate Synthase from Synechocystis sp in complex with 2-Oxoglutarate at 2.0 Angstrom resolution	0.111	211	183	11	221	926	1132	2.549E-01	40
LOKIASV2_4297_ESMFold_hypothetical_protein	3q15-assembly1.cif.gz_C-2	LOKIASV2_4297_ESMFold_hypothetical_protein	3q15-assembly1.cif.gz_C-2 Crystal Structure of RapH complexed with Spo0F	0.114	182	97	11	192	3	113	3.388E-01	39
LOKIASV2_4297_ESMFold_hypothetical_protein	4dn6-assembly1.cif.gz_B	LOKIASV2_4297_ESMFold_hypothetical_protein	4dn6-assembly1.cif.gz_B Crystal structure of a putative pilus assembly protein (cpaE) from Burkholderia thailandensis E264 at 2.80 A resolution	0.146	118	85	11	110	4	121	1.184E+00	39
LOKIASV2_4297_ESMFold_hypothetical_protein	4yra-assembly3.cif.gz_E	LOKIASV2_4297_ESMFold_hypothetical_protein	4yra-assembly3.cif.gz_E mouse TDH in the apo form	0.096	290	195	7	223	1	290	1.026E-01	39
LOKIASV2_4297_ESMFold_hypothetical_protein	4pg7-assembly1.cif.gz_B	LOKIASV2_4297_ESMFold_hypothetical_protein	4pg7-assembly1.cif.gz_B Crystal structure of S. aureus Homoserine Dehydrogenase at pH7.5	0.104	121	94	10	115	5	125	5.339E-01	39
LOKIASV2_4297_ESMFold_hypothetical_protein	1yey-assembly6.cif.gz_A	LOKIASV2_4297_ESMFold_hypothetical_protein	1yey-assembly6.cif.gz_A Crystal Structure of L-fuconate Dehydratase from Xanthomonas campestris pv. campestris str. ATCC 33913	0.086	222	172	3	224	172	360	1.618E-01	39
LOKIASV2_4297_ESMFold_hypothetical_protein	6s6t-assembly1.cif.gz_B	LOKIASV2_4297_ESMFold_hypothetical_protein	6s6t-assembly1.cif.gz_B Structure of Azospirillum brasilense Glutamate Synthase in a4b3 oligomeric state	0.127	185	152	40	224	967	1141	3.291E-02	39
LOKIASV2_4297_ESMFold_hypothetical_protein	6znx-assembly2.cif.gz_C-2	LOKIASV2_4297_ESMFold_hypothetical_protein	6znx-assembly2.cif.gz_C-2 Ribokinase from Thermus Species	0.092	236	194	10	224	1	236	1.086E-01	38
LOKIASV2_4297_ESMFold_hypothetical_protein	6zxb-assembly1.cif.gz_B	LOKIASV2_4297_ESMFold_hypothetical_protein	6zxb-assembly1.cif.gz_B Diguanylate cyclase DgcR (I-site mutant) in native state	0.160	117	86	10	112	2	118	1.326E+00	38
LOKIASV2_4297_ESMFold_hypothetical_protein	6ils-assembly1.cif.gz_A	LOKIASV2_4297_ESMFold_hypothetical_protein	6ils-assembly1.cif.gz_A Structure of Arabidopsis thaliana Ribokinase complexed with Ribose and ATP	0.076	286	201	6	224	1	286	1.288E-01	38
LOKIASV2_4297_ESMFold_hypothetical_protein	7xsy-assembly1.cif.gz_B	LOKIASV2_4297_ESMFold_hypothetical_protein	7xsy-assembly1.cif.gz_B Ligand free structure of branching enzyme isoform 3 (BE3) from Crocosphaera subtropica ATCC 51142	0.090	383	197	8	225	128	510	1.184E+00	38
LOKIASV2_4297_ESMFold_hypothetical_protein	7mfm-assembly1.cif.gz_G	LOKIASV2_4297_ESMFold_hypothetical_protein	7mfm-assembly1.cif.gz_G Glutamate synthase, glutamate dehydrogenase counter-enzyme complex	0.140	169	102	50	218	971	1090	1.444E-01	38
LOKIASV2_4297_ESMFold_hypothetical_protein	3b2n-assembly1.cif.gz_A	LOKIASV2_4297_ESMFold_hypothetical_protein	3b2n-assembly1.cif.gz_A Crystal structure of DNA-binding response regulator, LuxR family, from Staphylococcus aureus	0.139	132	98	89	220	4	118	5.652E-01	37
LOKIASV2_4297_ESMFold_hypothetical_protein	5tqj-assembly1.cif.gz_A	LOKIASV2_4297_ESMFold_hypothetical_protein	5tqj-assembly1.cif.gz_A Crystal structure of response regulator receiver protein from Burkholderia phymatum	0.145	114	85	89	202	4	103	1.184E+00	37
LOKIASV2_4297_ESMFold_hypothetical_protein	6hg1-assembly1.cif.gz_A	LOKIASV2_4297_ESMFold_hypothetical_protein	6hg1-assembly1.cif.gz_A Hybrid dihydroorotase domain of human CAD with E. coli flexible loop in apo state	0.115	193	154	7	199	6	180	1.118E+00	37
LOKIASV2_4297_ESMFold_hypothetical_protein	4pg8-assembly1.cif.gz_B	LOKIASV2_4297_ESMFold_hypothetical_protein	4pg8-assembly1.cif.gz_B Crystal structure of S. aureus Homoserine Dehydrogenase at pH8.5	0.098	124	97	10	118	6	129	7.095E-01	37
LOKIASV2_4297_ESMFold_hypothetical_protein	4pg4-assembly1.cif.gz_B	LOKIASV2_4297_ESMFold_hypothetical_protein	4pg4-assembly1.cif.gz_B Crystal structure of S. aureus Homoserine Dehydrogenase at pH6.0	0.111	122	95	10	117	6	127	8.415E-01	36
LOKIASV2_4297_ESMFold_hypothetical_protein	3f6c-assembly3.cif.gz_B	LOKIASV2_4297_ESMFold_hypothetical_protein	3f6c-assembly3.cif.gz_B CRYSTAL STRUCTURE OF N-TERMINAL DOMAIN OF POSITIVE TRANSCRIPTION REGULATOR evgA FROM ESCHERICHIA COLI	0.111	190	108	11	200	4	125	7.095E-01	35
LOKIASV2_4297_ESMFold_hypothetical_protein	7bc4-assembly1.cif.gz_B	LOKIASV2_4297_ESMFold_hypothetical_protein	7bc4-assembly1.cif.gz_B Cryo-EM structure of fatty acid synthase (FAS) from Pichia pastoris	0.145	200	166	10	209	616	810	9.429E-01	35
LOKIASV2_4297_ESMFold_hypothetical_protein	1nat-assembly1.cif.gz_A	LOKIASV2_4297_ESMFold_hypothetical_protein	1nat-assembly1.cif.gz_A CRYSTAL STRUCTURE OF SPOOF FROM BACILLUS SUBTILIS	0.094	161	105	10	170	2	118	6.703E-01	34
LOKIASV2_4297_ESMFold_hypothetical_protein	1srr-assembly1.cif.gz_A-2	LOKIASV2_4297_ESMFold_hypothetical_protein	1srr-assembly1.cif.gz_A-2 CRYSTAL STRUCTURE OF A PHOSPHATASE RESISTANT MUTANT OF SPORULATION RESPONSE REGULATOR SPO0F FROM BACILLUS SUBTILIS	0.161	112	83	11	110	4	115	1.866E+00	34
LOKIASV2_4297_ESMFold_hypothetical_protein	4ml3-assembly2.cif.gz_D	LOKIASV2_4297_ESMFold_hypothetical_protein	4ml3-assembly2.cif.gz_D X-ray structure of ComE D58A REC domain from Streptococcus pneumoniae	0.079	120	92	11	111	3	122	7.950E-01	34
LOKIASV2_4297_ESMFold_hypothetical_protein	7c1y-assembly1.cif.gz_A	LOKIASV2_4297_ESMFold_hypothetical_protein	7c1y-assembly1.cif.gz_A Pseudouridine and ADP bound structure of Pseudouridine kinase (PUKI) from Arabidopsis thaliana	0.101	194	160	10	203	56	234	4.018E-01	34
LOKIASV2_4297_ESMFold_hypothetical_protein	1yj5-assembly1.cif.gz_B	LOKIASV2_4297_ESMFold_hypothetical_protein	1yj5-assembly1.cif.gz_B Molecular architecture of mammalian polynucleotide kinase, a DNA repair enzyme	0.101	194	124	8	201	224	362	1.150E-01	34
LOKIASV2_4297_ESMFold_hypothetical_protein	1p6w-assembly1.cif.gz_A	LOKIASV2_4297_ESMFold_hypothetical_protein	1p6w-assembly1.cif.gz_A Crystal structure of barley alpha-amylase isozyme 1 (AMY1) in complex with the substrate analogue, methyl 4I,4II,4III-tri-thiomaltotetraoside (thio-DP4)	0.110	204	123	63	201	1	204	1.118E+00	34
LOKIASV2_4297_ESMFold_hypothetical_protein	3w9s-assembly1.cif.gz_B	LOKIASV2_4297_ESMFold_hypothetical_protein	3w9s-assembly1.cif.gz_B Crystal Structure Analysis of the N-terminal Receiver domain of Response Regulator PmrA	0.119	131	100	89	219	2	116	2.778E+00	33
LOKIASV2_4297_ESMFold_hypothetical_protein	5iul-assembly1.cif.gz_C	LOKIASV2_4297_ESMFold_hypothetical_protein	5iul-assembly1.cif.gz_C Crystal structure of the DesK-DesR complex in the phosphotransfer state with high Mg2+ (150 mM) and BeF3	0.091	217	108	7	223	1	120	4.765E-01	33
LOKIASV2_4297_ESMFold_hypothetical_protein	1rk2-assembly2.cif.gz_C	LOKIASV2_4297_ESMFold_hypothetical_protein	1rk2-assembly2.cif.gz_C E. COLI RIBOKINASE COMPLEXED WITH RIBOSE AND ADP, SOLVED IN SPACE GROUP P212121	0.116	214	174	7	204	11	224	1.712E-01	33
LOKIASV2_4297_ESMFold_hypothetical_protein	2z1a-assembly1.cif.gz_A	LOKIASV2_4297_ESMFold_hypothetical_protein	2z1a-assembly1.cif.gz_A Crystal structure of 5'-nucleotidase precursor from Thermus thermophilus HB8	0.110	175	134	50	201	35	209	7.095E-01	33
LOKIASV2_4297_ESMFold_hypothetical_protein	6hcd-assembly2.cif.gz_D	LOKIASV2_4297_ESMFold_hypothetical_protein	6hcd-assembly2.cif.gz_D Structure of universal stress protein from Archaeoglobus fulgidus	0.169	129	95	3	117	5	133	5.339E-01	32
LOKIASV2_4297_ESMFold_hypothetical_protein	4yra-assembly6.cif.gz_J	LOKIASV2_4297_ESMFold_hypothetical_protein	4yra-assembly6.cif.gz_J mouse TDH in the apo form	0.125	114	85	7	120	1	98	6.703E-01	32
LOKIASV2_4297_ESMFold_hypothetical_protein	5bye-assembly1.cif.gz_B	LOKIASV2_4297_ESMFold_hypothetical_protein	5bye-assembly1.cif.gz_B Crystal structure of human ribokinase in P212121 spacegroup	0.094	274	198	7	225	1	274	2.856E-01	32
LOKIASV2_4297_ESMFold_hypothetical_protein	7c1x-assembly1.cif.gz_A	LOKIASV2_4297_ESMFold_hypothetical_protein	7c1x-assembly1.cif.gz_A Unliganded structure of Pseudouridine kinase (PUKI) from Arabidopsis thaliana	0.105	195	159	10	204	56	234	5.044E-01	32
LOKIASV2_4297_ESMFold_hypothetical_protein	4pg6-assembly1.cif.gz_A	LOKIASV2_4297_ESMFold_hypothetical_protein	4pg6-assembly1.cif.gz_A Crystal structure of S. aureus Homoserine Dehydrogenase at pH7.0	0.118	123	94	10	117	7	129	1.573E+00	32
LOKIASV2_4297_ESMFold_hypothetical_protein	7xsy-assembly1.cif.gz_C	LOKIASV2_4297_ESMFold_hypothetical_protein	7xsy-assembly1.cif.gz_C Ligand free structure of branching enzyme isoform 3 (BE3) from Crocosphaera subtropica ATCC 51142	0.082	384	200	7	225	125	508	2.624E+00	32
LOKIASV2_4297_ESMFold_hypothetical_protein	3eul-assembly2.cif.gz_B	LOKIASV2_4297_ESMFold_hypothetical_protein	3eul-assembly2.cif.gz_B Structure of the signal receiver domain of the putative response regulator NarL from Mycobacterium tuberculosis	0.100	219	108	7	225	2	122	7.950E-01	31
LOKIASV2_4297_ESMFold_hypothetical_protein	2i5b-assembly1.cif.gz_B	LOKIASV2_4297_ESMFold_hypothetical_protein	2i5b-assembly1.cif.gz_B The crystal structure of an ADP complex of Bacillus subtilis pyridoxal kinase provides evidence for the parralel emergence of enzyme activity during evolution	0.124	192	145	10	201	3	169	3.796E-01	31
LOKIASV2_4297_ESMFold_hypothetical_protein	2ddw-assembly1.cif.gz_B	LOKIASV2_4297_ESMFold_hypothetical_protein	2ddw-assembly1.cif.gz_B Crystal Structure of Pyridoxal Kinase from the Escherichia coli PdxK gene complexed with pyridoxal at 3.2 A resolution	0.078	158	97	6	111	7	164	4.502E-01	31
LOKIASV2_4297_ESMFold_hypothetical_protein	4yra-assembly1.cif.gz_A	LOKIASV2_4297_ESMFold_hypothetical_protein	4yra-assembly1.cif.gz_A mouse TDH in the apo form	0.128	172	125	7	178	1	144	4.502E-01	31
LOKIASV2_4297_ESMFold_hypothetical_protein	8cqx-assembly1.cif.gz_A	LOKIASV2_4297_ESMFold_hypothetical_protein	8cqx-assembly1.cif.gz_A Ribokinase from T.sp mutant A92G	0.106	216	148	10	176	1	216	7.095E-01	31
LOKIASV2_4297_ESMFold_hypothetical_protein	2nwh-assembly1.cif.gz_A	LOKIASV2_4297_ESMFold_hypothetical_protein	2nwh-assembly1.cif.gz_A Carbohydrate kinase from Agrobacterium tumefaciens	0.100	296	190	11	222	4	299	9.429E-01	31
LOKIASV2_4297_ESMFold_hypothetical_protein	5c41-assembly1.cif.gz_A	LOKIASV2_4297_ESMFold_hypothetical_protein	5c41-assembly1.cif.gz_A Crystal structure of human ribokinase in complex with AMPPCP in P21 spacegroup and with 4 protomers	0.112	224	174	8	204	3	226	2.549E-01	31
LOKIASV2_4297_ESMFold_hypothetical_protein	8h61-assembly1.cif.gz_B	LOKIASV2_4297_ESMFold_hypothetical_protein	8h61-assembly1.cif.gz_B Ketoreductase CpKR mutant - M2	0.109	338	193	4	221	2	339	2.031E-01	31
LOKIASV2_4297_ESMFold_hypothetical_protein	7c1x-assembly1.cif.gz_B	LOKIASV2_4297_ESMFold_hypothetical_protein	7c1x-assembly1.cif.gz_B Unliganded structure of Pseudouridine kinase (PUKI) from Arabidopsis thaliana	0.118	194	142	22	183	41	234	1.184E+00	31
LOKIASV2_4297_ESMFold_hypothetical_protein	7xre-assembly1.cif.gz_B	LOKIASV2_4297_ESMFold_hypothetical_protein	7xre-assembly1.cif.gz_B Crystal structure of DgpA	0.088	123	100	7	117	1	123	1.184E+00	31
LOKIASV2_4297_ESMFold_hypothetical_protein	4pg4-assembly1.cif.gz_A	LOKIASV2_4297_ESMFold_hypothetical_protein	4pg4-assembly1.cif.gz_A Crystal structure of S. aureus Homoserine Dehydrogenase at pH6.0	0.118	123	94	10	117	7	129	1.975E+00	31
LOKIASV2_4297_ESMFold_hypothetical_protein	4pg5-assembly1.cif.gz_A	LOKIASV2_4297_ESMFold_hypothetical_protein	4pg5-assembly1.cif.gz_A Crystal structure of S. aureus Homoserine Dehydrogenase at pH6.5	0.118	123	94	10	117	7	129	1.975E+00	31
LOKIASV2_4297_ESMFold_hypothetical_protein	4pg5-assembly1.cif.gz_B	LOKIASV2_4297_ESMFold_hypothetical_protein	4pg5-assembly1.cif.gz_B Crystal structure of S. aureus Homoserine Dehydrogenase at pH6.5	0.131	123	94	10	118	5	127	1.665E+00	31
LOKIASV2_4297_ESMFold_hypothetical_protein	2qps-assembly1.cif.gz_A	LOKIASV2_4297_ESMFold_hypothetical_protein	2qps-assembly1.cif.gz_A "Sugar tongs" mutant Y380A in complex with acarbose	0.137	181	108	76	201	24	204	1.118E+00	31
LOKIASV2_4297_ESMFold_hypothetical_protein	3kip-assembly3.cif.gz_I	LOKIASV2_4297_ESMFold_hypothetical_protein	3kip-assembly3.cif.gz_I Crystal structure of type-II 3-dehydroquinase from C. albicans	0.109	133	112	7	139	1	127	2.090E+00	30
LOKIASV2_4297_ESMFold_hypothetical_protein	8t0j-assembly1.cif.gz_A	LOKIASV2_4297_ESMFold_hypothetical_protein	8t0j-assembly1.cif.gz_A Salmonella Typhimurium ArnD	0.062	224	200	10	223	5	228	2.213E+00	30
LOKIASV2_4297_ESMFold_hypothetical_protein	6zxm-assembly3.cif.gz_E	LOKIASV2_4297_ESMFold_hypothetical_protein	6zxm-assembly3.cif.gz_E Diguanylate cyclase DgcR in complex with c-di-GMP	0.175	157	128	11	167	3	158	1.866E+00	29
LOKIASV2_4297_ESMFold_hypothetical_protein	3d0o-assembly1.cif.gz_B	LOKIASV2_4297_ESMFold_hypothetical_protein	3d0o-assembly1.cif.gz_B Crystal structure of Lactate Dehydrogenase from Staphylococcus Aureus	0.120	143	96	6	115	1	143	8.908E-01	29
LOKIASV2_4297_ESMFold_hypothetical_protein	4l2i-assembly1.cif.gz_A	LOKIASV2_4297_ESMFold_hypothetical_protein	4l2i-assembly1.cif.gz_A Electron transferring flavoprotein of Acidaminococcus fermentans: Towards a mechanism of flavin-based electron bifurcation	0.135	125	96	70	194	3	114	1.866E+00	29
LOKIASV2_4297_ESMFold_hypothetical_protein	2a5y-assembly1.cif.gz_C	LOKIASV2_4297_ESMFold_hypothetical_protein	2a5y-assembly1.cif.gz_C Structure of a CED-4/CED-9 complex	0.128	145	121	75	214	29	173	3.586E-01	29
LOKIASV2_4297_ESMFold_hypothetical_protein	4q6w-assembly1.cif.gz_A	LOKIASV2_4297_ESMFold_hypothetical_protein	4q6w-assembly1.cif.gz_A Crystal Structure of Periplasmic Binding Protein type 1 from Bordetella pertussis Tohama I complexed with 3-Hydroxy Benzoic Acid	0.095	277	195	7	223	2	278	7.950E-01	29
LOKIASV2_4297_ESMFold_hypothetical_protein	3i45-assembly1.cif.gz_A	LOKIASV2_4297_ESMFold_hypothetical_protein	3i45-assembly1.cif.gz_A CRYSTAL STRUCTURE OF putative twin-arginine translocation pathway signal protein from Rhodospirillum rubrum Atcc 11170	0.128	117	85	3	119	136	233	9.981E-01	29
LOKIASV2_4297_ESMFold_hypothetical_protein	4pg6-assembly1.cif.gz_B	LOKIASV2_4297_ESMFold_hypothetical_protein	4pg6-assembly1.cif.gz_B Crystal structure of S. aureus Homoserine Dehydrogenase at pH7.0	0.100	125	97	11	119	5	129	2.624E+00	29
LOKIASV2_4297_ESMFold_hypothetical_protein	1krw-assembly1.cif.gz_A	LOKIASV2_4297_ESMFold_hypothetical_protein	1krw-assembly1.cif.gz_A SOLUTION STRUCTURE AND BACKBONE DYNAMICS OF BERYLLOFLUORIDE-ACTIVATED NTRC RECEIVER DOMAIN	0.145	131	99	89	219	5	121	2.479E+00	28
LOKIASV2_4297_ESMFold_hypothetical_protein	3go6-assembly1.cif.gz_A	LOKIASV2_4297_ESMFold_hypothetical_protein	3go6-assembly1.cif.gz_A Crystal Structure of M. tuberculosis ribokinase (Rv2436) in complex with ribose and AMP-PNP	0.090	164	118	10	140	16	179	1.404E+00	28
LOKIASV2_4297_ESMFold_hypothetical_protein	3g5t-assembly1.cif.gz_A	LOKIASV2_4297_ESMFold_hypothetical_protein	3g5t-assembly1.cif.gz_A Crystal structure of trans-aconitate 3-methyltransferase from yeast	0.107	108	95	7	114	35	141	1.056E+00	28
LOKIASV2_4297_ESMFold_hypothetical_protein	7c1z-assembly1.cif.gz_A	LOKIASV2_4297_ESMFold_hypothetical_protein	7c1z-assembly1.cif.gz_A ATP bound structure of Pseudouridine kinase (PUKI) from Arabidopsis thaliana	0.098	191	157	10	200	56	230	1.253E+00	28
LOKIASV2_4297_ESMFold_hypothetical_protein	7xre-assembly1.cif.gz_C	LOKIASV2_4297_ESMFold_hypothetical_protein	7xre-assembly1.cif.gz_C Crystal structure of DgpA	0.112	125	99	6	117	2	126	1.404E+00	28
LOKIASV2_4297_ESMFold_hypothetical_protein	3jzl-assembly1.cif.gz_A-2	LOKIASV2_4297_ESMFold_hypothetical_protein	3jzl-assembly1.cif.gz_A-2 CRYSTAL STRUCTURE OF A PUTATIVE CYSTATHIONINE BETA-LYASE INVOLVED IN ALUMINUM RESISTANCE (LMOF2365_1314) FROM LISTERIA MONOCYTOGENES STR. 4B F2365 AT 1.91 A RESOLUTION	0.136	132	79	6	98	94	225	2.342E+00	28
LOKIASV2_4297_ESMFold_hypothetical_protein	1mvo-assembly1.cif.gz_A-2	LOKIASV2_4297_ESMFold_hypothetical_protein	1mvo-assembly1.cif.gz_A-2 Crystal structure of the PhoP receiver domain from Bacillus subtilis	0.124	122	82	7	128	1	95	1.866E+00	27
LOKIASV2_4297_ESMFold_hypothetical_protein	6yxx-assembly1.cif.gz_EF	LOKIASV2_4297_ESMFold_hypothetical_protein	6yxx-assembly1.cif.gz_EF State A of the Trypanosoma brucei mitoribosomal large subunit assembly intermediate	0.121	247	193	5	225	42	288	2.408E-01	27
LOKIASV2_4297_ESMFold_hypothetical_protein	7c1y-assembly1.cif.gz_B	LOKIASV2_4297_ESMFold_hypothetical_protein	7c1y-assembly1.cif.gz_B Pseudouridine and ADP bound structure of Pseudouridine kinase (PUKI) from Arabidopsis thaliana	0.112	195	163	10	204	56	239	7.950E-01	27
LOKIASV2_4297_ESMFold_hypothetical_protein	7c1z-assembly1.cif.gz_B	LOKIASV2_4297_ESMFold_hypothetical_protein	7c1z-assembly1.cif.gz_B ATP bound structure of Pseudouridine kinase (PUKI) from Arabidopsis thaliana	0.108	220	169	11	200	14	233	8.415E-01	27
LOKIASV2_4297_ESMFold_hypothetical_protein	4zdi-assembly3.cif.gz_D	LOKIASV2_4297_ESMFold_hypothetical_protein	4zdi-assembly3.cif.gz_D Crystal structure of the M. tuberculosis CTP synthase PyrG (apo form)	0.116	210	157	21	199	122	331	8.415E-01	27
LOKIASV2_4297_ESMFold_hypothetical_protein	7xsy-assembly1.cif.gz_A	LOKIASV2_4297_ESMFold_hypothetical_protein	7xsy-assembly1.cif.gz_A Ligand free structure of branching enzyme isoform 3 (BE3) from Crocosphaera subtropica ATCC 51142	0.087	384	199	7	225	131	514	5.192E+00	27
LOKIASV2_4297_ESMFold_hypothetical_protein	6hsb-assembly1.cif.gz_A	LOKIASV2_4297_ESMFold_hypothetical_protein	6hsb-assembly1.cif.gz_A The crystal structure of type II Dehydroquinase from Acidithiobacillus caldus SM-1	0.131	130	106	10	139	3	125	1.762E+00	26
LOKIASV2_4297_ESMFold_hypothetical_protein	4cbv-assembly3.cif.gz_A	LOKIASV2_4297_ESMFold_hypothetical_protein	4cbv-assembly3.cif.gz_A X-ray structure of full-length ComE from Streptococcus pneumoniae.	0.091	107	74	11	92	3	109	5.496E+00	26
LOKIASV2_4297_ESMFold_hypothetical_protein	6sy9-assembly1.cif.gz_A	LOKIASV2_4297_ESMFold_hypothetical_protein	6sy9-assembly1.cif.gz_A Structure of the Legionella pneumophila response regulator LqsR	0.105	122	92	6	127	9	112	1.056E+00	26
LOKIASV2_4297_ESMFold_hypothetical_protein	5gaj-assembly1.cif.gz_A	LOKIASV2_4297_ESMFold_hypothetical_protein	5gaj-assembly1.cif.gz_A Solution NMR structure of De novo designed PLOOP2X3_50 fold protein, Northeast Structural Genomics Consortium (NESG) target OR258	0.110	217	107	10	226	5	125	2.940E+00	25
LOKIASV2_4297_ESMFold_hypothetical_protein	3bsh-assembly1.cif.gz_A	LOKIASV2_4297_ESMFold_hypothetical_protein	3bsh-assembly1.cif.gz_A Barley alpha-amylase isozyme 1 (AMY1) double mutant Y105A/Y380A in complex with inhibitor acarbose	0.137	181	108	76	201	24	204	3.112E+00	25
LOKIASV2_4297_ESMFold_hypothetical_protein	7dq5-assembly1.cif.gz_B	LOKIASV2_4297_ESMFold_hypothetical_protein	7dq5-assembly1.cif.gz_B Crystal structure of HitB in complex with (S)-beta-phenylalanine sulfamoyladenosine	0.116	131	92	3	133	189	293	2.090E+00	25
LOKIASV2_4297_ESMFold_hypothetical_protein	7dq6-assembly1.cif.gz_B	LOKIASV2_4297_ESMFold_hypothetical_protein	7dq6-assembly1.cif.gz_B Crystal structure of HitB in complex with (S)-beta-3-Br-phenylalanine sulfamoyladenosine	0.119	131	92	3	133	190	294	3.112E+00	25
LOKIASV2_4297_ESMFold_hypothetical_protein	4l8l-assembly1.cif.gz_A	LOKIASV2_4297_ESMFold_hypothetical_protein	4l8l-assembly1.cif.gz_A Crystal Structure of the Type II Dehydroquinase from Pseudomonas aeruginosa	0.092	116	92	10	125	2	103	2.624E+00	24
LOKIASV2_4297_ESMFold_hypothetical_protein	3kip-assembly1.cif.gz_L	LOKIASV2_4297_ESMFold_hypothetical_protein	3kip-assembly1.cif.gz_L Crystal structure of type-II 3-dehydroquinase from C. albicans	0.109	119	96	7	125	1	109	2.940E+00	24
LOKIASV2_4297_ESMFold_hypothetical_protein	3h3j-assembly1.cif.gz_B	LOKIASV2_4297_ESMFold_hypothetical_protein	3h3j-assembly1.cif.gz_B Crystal structure of lactate dehydrogenase mutant (A85R) from staphylococcus aureus complexed with NAD and pyruvate	0.114	143	97	6	115	1	143	2.479E+00	24
LOKIASV2_4297_ESMFold_hypothetical_protein	4evr-assembly1.cif.gz_A	LOKIASV2_4297_ESMFold_hypothetical_protein	4evr-assembly1.cif.gz_A Crystal structure of ABC transporter from R. palustris - solute binding protein (RPA0668) in complex with benzoate	0.139	267	187	7	224	1	267	2.090E+00	24
LOKIASV2_4297_ESMFold_hypothetical_protein	7dq6-assembly1.cif.gz_A	LOKIASV2_4297_ESMFold_hypothetical_protein	7dq6-assembly1.cif.gz_A Crystal structure of HitB in complex with (S)-beta-3-Br-phenylalanine sulfamoyladenosine	0.093	115	103	3	117	184	298	3.112E+00	24
LOKIASV2_4297_ESMFold_hypothetical_protein	6hsq-assembly1.cif.gz_D	LOKIASV2_4297_ESMFold_hypothetical_protein	6hsq-assembly1.cif.gz_D The crystal structure of type II Dehydroquinase from Psychromonas ingrahamii 37 crystal form 1	0.116	134	111	6	139	4	130	1.404E+00	23
LOKIASV2_4297_ESMFold_hypothetical_protein	4le2-assembly3.cif.gz_B-2	LOKIASV2_4297_ESMFold_hypothetical_protein	4le2-assembly3.cif.gz_B-2 Crystal structure of the unphosphorylated receiver domain of DesR in the active state	0.102	214	104	10	223	3	119	3.112E+00	22
LOKIASV2_4297_ESMFold_hypothetical_protein	4mld-assembly2.cif.gz_C	LOKIASV2_4297_ESMFold_hypothetical_protein	4mld-assembly2.cif.gz_C X-ray structure of ComE D58E REC domain from Streptococcus pneumoniae	0.118	107	71	11	92	3	109	6.158E+00	22
LOKIASV2_4297_ESMFold_hypothetical_protein	6axg-assembly4.cif.gz_H	LOKIASV2_4297_ESMFold_hypothetical_protein	6axg-assembly4.cif.gz_H Structure of RasGRP4 in complex with HRas	0.104	88	76	136	223	71	156	5.818E+00	22
LOKIASV2_4297_ESMFold_hypothetical_protein	3bm3-assembly1.cif.gz_B	LOKIASV2_4297_ESMFold_hypothetical_protein	3bm3-assembly1.cif.gz_B Restriction endonuclease PspGI-substrate DNA complex	0.090	100	63	11	110	157	226	5.192E+00	22
LOKIASV2_4297_ESMFold_hypothetical_protein	4ln1-assembly1.cif.gz_D	LOKIASV2_4297_ESMFold_hypothetical_protein	4ln1-assembly1.cif.gz_D CRYSTAL STRUCTURE OF L-lactate dehydrogenase from Bacillus cereus ATCC 14579 complexed with calcium, NYSGRC Target 029452	0.093	140	102	3	115	7	146	2.940E+00	22
LOKIASV2_4297_ESMFold_hypothetical_protein	3i4c-assembly1.cif.gz_D	LOKIASV2_4297_ESMFold_hypothetical_protein	3i4c-assembly1.cif.gz_D Crystal structure of Sulfolobus Solfataricus ADH(SsADH) double mutant (W95L,N249Y)	0.138	220	122	3	222	150	292	1.118E+00	22
LOKIASV2_4297_ESMFold_hypothetical_protein	4le2-assembly4.cif.gz_D-2	LOKIASV2_4297_ESMFold_hypothetical_protein	4le2-assembly4.cif.gz_D-2 Crystal structure of the unphosphorylated receiver domain of DesR in the active state	0.096	217	104	7	223	1	116	3.487E+00	21
LOKIASV2_4297_ESMFold_hypothetical_protein	4rhc-assembly1.cif.gz_L	LOKIASV2_4297_ESMFold_hypothetical_protein	4rhc-assembly1.cif.gz_L Crystal structure of 3-Dehydroquinate dehydratase from Acinetobacter baumannii at 2.68 A resolution	0.090	112	90	7	118	1	100	3.907E+00	21
LOKIASV2_4297_ESMFold_hypothetical_protein	1uqr-assembly1.cif.gz_F	LOKIASV2_4297_ESMFold_hypothetical_protein	1uqr-assembly1.cif.gz_F Type II 3-dehydroquinate dehydratase (DHQase) from Actinobacillus pleuropneumoniae	0.088	130	102	10	139	5	117	6.900E+00	21
LOKIASV2_4297_ESMFold_hypothetical_protein	3d4p-assembly1.cif.gz_A	LOKIASV2_4297_ESMFold_hypothetical_protein	3d4p-assembly1.cif.gz_A Crystal structure of Lactate Dehydrogenase from Staphylococcus Aureus complexed with NAD and pyruvate	0.127	141	95	6	115	1	141	3.294E+00	21
LOKIASV2_4297_ESMFold_hypothetical_protein	5tow-assembly1.cif.gz_A-2	LOKIASV2_4297_ESMFold_hypothetical_protein	5tow-assembly1.cif.gz_A-2 Crystal structure of the inactive form of S-adenosyl-L-homocysteine hydrolase from Thermotoga maritima in ternary complex with NADH and Adenosine	0.108	241	194	3	221	26	266	2.778E+00	21
LOKIASV2_4297_ESMFold_hypothetical_protein	6m01-assembly1.cif.gz_A	LOKIASV2_4297_ESMFold_hypothetical_protein	6m01-assembly1.cif.gz_A The structure of HitB-HitD complex	0.149	131	89	3	133	189	293	6.158E+00	21
LOKIASV2_4297_ESMFold_hypothetical_protein	3i4c-assembly2.cif.gz_E-2	LOKIASV2_4297_ESMFold_hypothetical_protein	3i4c-assembly2.cif.gz_E-2 Crystal structure of Sulfolobus Solfataricus ADH(SsADH) double mutant (W95L,N249Y)	0.121	220	125	3	222	144	286	2.479E+00	20
LOKIASV2_4297_ESMFold_hypothetical_protein	3i4c-assembly2.cif.gz_H-2	LOKIASV2_4297_ESMFold_hypothetical_protein	3i4c-assembly2.cif.gz_H-2 Crystal structure of Sulfolobus Solfataricus ADH(SsADH) double mutant (W95L,N249Y)	0.129	223	126	3	225	157	302	1.866E+00	20
LOKIASV2_4297_ESMFold_hypothetical_protein	5jjp-assembly6.cif.gz_B	LOKIASV2_4297_ESMFold_hypothetical_protein	5jjp-assembly6.cif.gz_B Crystal structure of CmiS6	0.126	131	91	3	133	191	295	4.136E+00	20
LOKIASV2_4297_ESMFold_hypothetical_protein	2e37-assembly4.cif.gz_D	LOKIASV2_4297_ESMFold_hypothetical_protein	2e37-assembly4.cif.gz_D Structure of TT0471 protein from Thermus thermophilus	0.136	109	92	11	119	3	110	5.496E+00	19
LOKIASV2_4297_ESMFold_hypothetical_protein	6oyc-assembly4.cif.gz_C	LOKIASV2_4297_ESMFold_hypothetical_protein	6oyc-assembly4.cif.gz_C Glycosylation Associate Protein (Gap123) complex from Streptococcus agalactiae	0.098	110	91	10	111	156	265	8.662E+00	19
LOKIASV2_4297_ESMFold_hypothetical_protein	4kbf-assembly1.cif.gz_A	LOKIASV2_4297_ESMFold_hypothetical_protein	4kbf-assembly1.cif.gz_A two different open conformations of the helicase core of the RNA helicase Hera	0.091	291	195	7	222	68	358	2.778E+00	19
LOKIASV2_4297_ESMFold_hypothetical_protein	1euc-assembly1.cif.gz_B	LOKIASV2_4297_ESMFold_hypothetical_protein	1euc-assembly1.cif.gz_B CRYSTAL STRUCTURE OF DEPHOSPHORYLATED PIG HEART, GTP-SPECIFIC SUCCINYL-COA SYNTHETASE	0.095	210	114	9	218	265	391	2.213E+00	19
LOKIASV2_4297_ESMFold_hypothetical_protein	1uqr-assembly1.cif.gz_I	LOKIASV2_4297_ESMFold_hypothetical_protein	1uqr-assembly1.cif.gz_I Type II 3-dehydroquinate dehydratase (DHQase) from Actinobacillus pleuropneumoniae	0.102	130	104	10	139	2	118	9.169E+00	18
LOKIASV2_4297_ESMFold_hypothetical_protein	3lwz-assembly1.cif.gz_C	LOKIASV2_4297_ESMFold_hypothetical_protein	3lwz-assembly1.cif.gz_C 1.65 Angstrom Resolution Crystal Structure of Type II 3-Dehydroquinate Dehydratase (aroQ) from Yersinia pestis	0.137	120	96	6	125	1	112	6.158E+00	18
LOKIASV2_4297_ESMFold_hypothetical_protein	6k12-assembly1.cif.gz_A-2	LOKIASV2_4297_ESMFold_hypothetical_protein	6k12-assembly1.cif.gz_A-2 Babesia microti lactate dehydrogenase apo form (BmLDH)	0.091	184	115	10	193	2	128	5.818E+00	18
LOKIASV2_4297_ESMFold_hypothetical_protein	6or9-assembly1.cif.gz_C	LOKIASV2_4297_ESMFold_hypothetical_protein	6or9-assembly1.cif.gz_C Structure of L-lactate dehydrogenase from Trichoplusia ni	0.102	160	141	9	168	2	159	6.519E+00	18
LOKIASV2_4297_ESMFold_hypothetical_protein	3ldh-assembly1.cif.gz_A	LOKIASV2_4297_ESMFold_hypothetical_protein	3ldh-assembly1.cif.gz_A A comparison of the structures of apo dogfish m4 lactate dehydrogenase and its ternary complexes	0.078	113	98	11	117	23	135	7.304E+00	18
LOKIASV2_4297_ESMFold_hypothetical_protein	6t6p-assembly1.cif.gz_A	LOKIASV2_4297_ESMFold_hypothetical_protein	6t6p-assembly1.cif.gz_A Crystal structure of Klebsiella pneumoniae FabG2(NADH-dependent) at 1.57 A resolution	0.093	207	159	49	224	19	225	7.731E+00	17
LOKIASV2_4297_ESMFold_hypothetical_protein	6pmu-assembly1.cif.gz_B	LOKIASV2_4297_ESMFold_hypothetical_protein	6pmu-assembly1.cif.gz_B Structural Characterization of Beta Cyanoalanine Synthase from Tetranychus Urticae	0.078	210	183	1	199	65	274	2.778E+00	17
LOKIASV2_4297_ESMFold_hypothetical_protein	2v03-assembly1.cif.gz_A-2	LOKIASV2_4297_ESMFold_hypothetical_protein	2v03-assembly1.cif.gz_A-2 High resolution structure and catalysis of an O-acetylserine sulfhydrylase	0.106	225	176	3	200	55	279	2.213E+00	17
LOKIASV2_4297_ESMFold_hypothetical_protein	6or9-assembly1.cif.gz_D	LOKIASV2_4297_ESMFold_hypothetical_protein	6or9-assembly1.cif.gz_D Structure of L-lactate dehydrogenase from Trichoplusia ni	0.080	111	100	9	118	2	112	8.184E+00	17
LOKIASV2_4297_ESMFold_hypothetical_protein	8ab3-assembly1.cif.gz_A	LOKIASV2_4297_ESMFold_hypothetical_protein	8ab3-assembly1.cif.gz_A Crystal Structure of the Lactate Dehydrogenase of Cyanobacterium Aponinum in complex with oxamate, NADH and FBP.	0.128	119	98	6	118	18	136	7.304E+00	17
LOKIASV2_4297_ESMFold_hypothetical_protein	7dq5-assembly1.cif.gz_A	LOKIASV2_4297_ESMFold_hypothetical_protein	7dq5-assembly1.cif.gz_A Crystal structure of HitB in complex with (S)-beta-phenylalanine sulfamoyladenosine	0.089	174	104	3	176	184	298	4.634E+00	17
LOKIASV2_4297_ESMFold_hypothetical_protein	6axg-assembly6.cif.gz_L	LOKIASV2_4297_ESMFold_hypothetical_protein	6axg-assembly6.cif.gz_L Structure of RasGRP4 in complex with HRas	0.063	214	141	10	223	4	154	4.905E+00	16
LOKIASV2_4297_ESMFold_hypothetical_protein	8be7-assembly1.cif.gz_R	LOKIASV2_4297_ESMFold_hypothetical_protein	8be7-assembly1.cif.gz_R Crystal structure of SOS1-HRas-peptidomimetic3	0.092	214	143	10	223	4	162	4.378E+00	16
LOKIASV2_4297_ESMFold_hypothetical_protein	2jc3-assembly3.cif.gz_F	LOKIASV2_4297_ESMFold_hypothetical_protein	2jc3-assembly3.cif.gz_F Structure of O-Acetylserine Sulfhydrylase B from Salmonella Typhimurium	0.108	225	176	3	200	55	279	4.136E+00	16
LOKIASV2_4297_ESMFold_hypothetical_protein	7otq-assembly1.cif.gz_K	LOKIASV2_4297_ESMFold_hypothetical_protein	7otq-assembly1.cif.gz_K Cryo-EM structure of ALC1/CHD1L bound to a PARylated nucleosome	0.134	194	145	9	202	55	222	7.731E+00	16
LOKIASV2_4297_ESMFold_hypothetical_protein	3g79-assembly1.cif.gz_B	LOKIASV2_4297_ESMFold_hypothetical_protein	3g79-assembly1.cif.gz_B Crystal structure of NDP-N-acetyl-D-galactosaminuronic acid dehydrogenase from Methanosarcina mazei Go1	0.103	219	183	3	221	10	214	7.731E+00	16
LOKIASV2_4297_ESMFold_hypothetical_protein	3fgp-assembly1.cif.gz_A	LOKIASV2_4297_ESMFold_hypothetical_protein	3fgp-assembly1.cif.gz_A 2.05 a Crystal Structure of CysM from Mycobacterium Tuberculosis - Open and Closed Conformations	0.090	249	195	3	217	63	311	5.818E+00	15
LOKIASV2_4297_ESMFold_hypothetical_protein	6ea3-assembly1.cif.gz_B	LOKIASV2_4297_ESMFold_hypothetical_protein	6ea3-assembly1.cif.gz_B Thermobifida fusca FscH adenylation domain complexed with MbtH-like protein FscK and Ser-AMP	0.125	116	78	3	118	180	269	8.662E+00	14
